-0.0401870496571064
-0.30468234419822693
-0.33269160985946655
-0.1574094593524933
-0.31348925828933716
0.18072029948234558
0.19053561985492706
0.03110695257782936
-0.2840929925441742
0.01366465911269188
0.06093587353825569
-0.03994496166706085
-0.1288653165102005
-0.19304758310317993
0.3111802339553833
-0.005793537478893995
0.31431853771209717
0.2835966646671295
-0.07997146248817444
-0.21788948774337769
-0.22629529237747192
-0.07048627734184265
-0.15390793979167938
-0.4119460880756378
0.04884318262338638
-0.19270557165145874
0.2230803668498993
0.14764682948589325
-0.17330975830554962
-0.00606846809387207
-0.16264306008815765
0.13179031014442444
0.3054286539554596
-0.36301785707473755
-0.20825637876987457
-0.009701069444417953
-0.17623566091060638
0.12397891283035278
0.03728131577372551
-0.28888535499572754
-0.32597804069519043
0.24929846823215485
-0.09209640324115753
0.36946120858192444
-0.2599962651729584
-0.332169771194458
-0.19262386858463287
0.009196482598781586
0.08076153695583344
0.1965125948190689
0.07248473167419434
0.1026313528418541
0.22498203814029694
0.1428457796573639
0.10932597517967224
0.181752011179924
-0.3489682972431183
-0.314736932516098
-0.21398600935935974
-0.045449722558259964
0.22214853763580322
-0.13423290848731995
-0.17252519726753235
-0.18669871985912323
0.06954693794250488
-0.32553181052207947
-0.0032412707805633545
-0.07556694746017456
0.26727011799812317
0.2520923316478729
-0.010444402694702148
0.3445209562778473
-0.3101092576980591
-0.2688041627407074
-0.26187649369239807
0.16382917761802673
0.016907453536987305
-0.08030164241790771
-0.3099299669265747
0.22212663292884827
-0.09772226214408875
0.31949326395988464
0.12232893705368042
0.32540830969810486
-0.27298876643180847
-0.16333715617656708
-0.2125023901462555
0.23751458525657654
0.04455915093421936
-0.16227935254573822
-0.234481543302536
-0.11466555297374725
-0.3493041396141052
-0.20597627758979797
-0.2619919776916504
-0.034460365772247314
0.026448190212249756
0.358444482088089
0.13041698932647705
-0.1964719295501709
-0.12977749109268188
0.0832127034664154
-0.39396998286247253
0.21929526329040527
0.2432946115732193
-0.24197416007518768
-0.1599775105714798
-0.03853622078895569
0.3365410268306732
0.11309996992349625
0.3576149046421051
-0.051985688507556915
-0.19697101414203644
-0.15614446997642517
-0.10630977153778076
0.08080679178237915
-0.05512671545147896
-0.05949035659432411
0.04437156766653061
0.3569457232952118
0.16409024596214294
0.0002628587535582483
0.2961646318435669
-0.10118118673563004
-0.21532578766345978
-0.0952523946762085
0.30434131622314453
0.3932282328605652
0.36263638734817505
0.16546976566314697
0.07907018065452576
0.5294764637947083
-0.27535828948020935
-0.3305971622467041
0.5291904807090759
-0.2427668422460556
-0.142245352268219
0.3316545784473419
0.43026718497276306
0.5385124683380127
-0.33497533202171326
0.27347496151924133
0.046083275228738785
0.023222092539072037
-0.02691473811864853
0.21912573277950287
-0.042402416467666626
-0.16578418016433716
-0.01252415869385004
-0.06745042651891708
-0.38430383801460266
-0.1443462073802948
0.33147549629211426
-0.21834102272987366
-0.0622766874730587
-0.008524642325937748
0.31920474767684937
-0.2730969190597534
-0.2333575338125229
0.15435576438903809
0.00765172578394413
-0.0958612933754921
0.07145488262176514
0.3607068657875061
-0.2146507054567337
-0.1443791687488556
-0.26932287216186523
0.19010323286056519
0.2738723158836365
-0.27318209409713745
-0.0946628749370575
0.30494704842567444
0.0976254791021347
-0.303943932056427
0.0781225636601448
0.24309445917606354
-0.06090562045574188
0.1291215419769287
0.19047388434410095
0.1419316977262497
-0.19752410054206848
0.03721427917480469
0.31859704852104187
0.2524262070655823
-0.2747572660446167
0.16347993910312653
-0.2806679606437683
0.2523113489151001
-0.22861464321613312
-0.23209679126739502
0.1378486603498459
0.20081613957881927
0.008653432130813599
0.10903853178024292
-0.15764658153057098
0.16729888319969177
0.09409040212631226
0.15461191534996033
0.3499933183193207
-0.023581653833389282
-0.23951682448387146
-0.28191637992858887
0.1603260338306427
-0.2443523406982422
0.30365386605262756
-0.13652434945106506
0.09079191088676453
-0.1893150359392166
-0.32827243208885193
0.0643073320388794
0.13485819101333618
0.29306522011756897
-0.06104913353919983
-0.17071539163589478
-0.3495238125324249
-0.010140776634216309
0.023566752672195435
-0.14438001811504364
-0.2836654782295227
-0.2716941833496094
-0.2939802408218384
0.09663504362106323
0.2648142874240875
0.08003997802734375
0.6288641095161438
-0.07422519475221634
-0.15902787446975708
0.03989588841795921
-0.08321363478899002
0.08249875903129578
0.14987531304359436
0.18448452651500702
0.27522140741348267
0.05374632030725479
0.601524829864502
0.6187708377838135
0.19920480251312256
0.18511323630809784
0.09790770709514618
-0.17215679585933685
0.25252726674079895
0.10201146453619003
-0.1295706182718277
-0.1596081554889679
0.2489914745092392
0.01995687559247017
0.18353989720344543
-0.018400486558675766
0.34740251302719116
0.012385791167616844
-0.1697106957435608
-0.19152645766735077
-0.30447515845298767
-0.19738143682479858
-0.2902422845363617
0.08679000288248062
0.28287020325660706
-0.041671741753816605
0.1295415312051773
0.04666002839803696
-0.35323232412338257
0.22299714386463165
0.13006599247455597
-0.3532284200191498
-0.052936017513275146
-0.1468452662229538
-0.414259135723114
0.34062567353248596
-0.16597473621368408
-0.2183016985654831
-0.059270862489938736
0.39004388451576233
-0.4491124749183655
-0.2617223262786865
-0.19638390839099884
-0.35604703426361084
-0.25176456570625305
-0.22768045961856842
0.3138269782066345
-0.06672924011945724
0.04988571256399155
-0.10721374303102493
0.1691485196352005
0.2647057771682739
0.15150827169418335
-0.19102232158184052
0.02837350033223629
0.3198793828487396
-0.2766988277435303
-0.11328870058059692
0.16228480637073517
-0.12585079669952393
0.2390814870595932
0.0768127515912056
-0.1908048391342163
-0.4471726715564728
0.05009162425994873
-0.18180087208747864
-0.2210754007101059
-0.08351300656795502
0.08132869005203247
-0.1881728619337082
-0.19233261048793793
0.39363622665405273
-0.03872166574001312
0.0019601034000515938
-0.11886961758136749
0.16387724876403809
0.28021082282066345
-0.13504640758037567
-0.10892283916473389
0.34856587648391724
0.40225929021835327
0.28726357221603394
0.5098272562026978
0.1819337010383606
-0.26642045378685
-0.23025405406951904
0.3203947842121124
0.21509966254234314
-0.1718081533908844
0.178267702460289
-0.38374975323677063
0.5279188752174377
-0.23882126808166504
-0.31971460580825806
0.36004042625427246
-0.19830267131328583
-0.10561089217662811
0.5134680271148682
0.02115718647837639
0.10664631426334381
-0.3002622723579407
-0.060683101415634155
0.11222291737794876
-0.2550068795681
0.48698142170906067
0.5195400714874268
-0.2926166355609894
-0.30377092957496643
0.05981604754924774
0.46359819173812866
0.23467034101486206
-0.3488357663154602
-0.1801190972328186
-0.2210698276758194
0.05296790599822998
-0.19491569697856903
-0.35011717677116394
-0.2153090238571167
0.05417974665760994
-0.3310154676437378
0.4532661437988281
-0.007815475575625896
0.2756859362125397
-0.09873439371585846
0.12883323431015015
-0.13332092761993408
0.43905502557754517
-0.39032092690467834
-0.42429614067077637
0.3696950376033783
0.4787733852863312
0.22669489681720734
0.24578110873699188
0.0725850909948349
-0.16835105419158936
0.24642185866832733
0.375371515750885
0.10716554522514343
-0.35075441002845764
-0.20455297827720642
-0.2760486304759979
-0.04707852005958557
-0.30813348293304443
0.36608800292015076
-0.06223765388131142
0.168988436460495
0.09974448382854462
0.03250530734658241
0.06364012509584427
-0.18380838632583618
0.2738001346588135
-0.07372298836708069
-0.14556294679641724
0.2527599036693573
0.3770007789134979
0.3502362072467804
0.11994825303554535
-0.17306990921497345
0.11850836873054504
0.2650785744190216
0.048216093331575394
0.3587707579135895
-0.045671842992305756
0.10174041241407394
0.2976892292499542
-0.22105973958969116
-0.06673663854598999
0.08437506854534149
0.24894770979881287
0.1652609407901764
-0.21802572906017303
-0.27882736921310425
0.18651433289051056
0.423470139503479
0.08687062561511993
-0.01308170985430479
-0.06875281780958176
0.44667986035346985
-0.07706282287836075
0.1795172244310379
0.005752753000706434
-0.3018948435783386
0.23912611603736877
-0.13463905453681946
-0.4488016664981842
-0.18265776336193085
0.4089632034301758
-0.4757930636405945
0.16879647970199585
-0.19361840188503265
-0.0016015308210626245
0.25799012184143066
-0.38870862126350403
-0.4912618398666382
-0.4314686059951782
-0.17663641273975372
0.26989778876304626
-0.08091267198324203
0.4399144649505615
0.46323463320732117
-0.41091880202293396
-0.33054590225219727
-0.16723531484603882
-0.1562410593032837
0.19261108338832855
-0.05393877997994423
0.02800028771162033
0.19313494861125946
0.22331540286540985
-0.024226371198892593
-0.21443775296211243
0.2425163835287094
0.2765243351459503
0.1766035258769989
0.22851046919822693
0.23494690656661987
-0.2701999843120575
-0.13016381859779358
-0.0021668856497853994
-0.07082173973321915
-0.07163107395172119
0.0012759199598804116
-0.18608589470386505
-0.07521459460258484
-0.1890837699174881
-0.37035349011421204
0.1785174012184143
-0.44650641083717346
0.31344881653785706
0.25337499380111694
-0.11389061063528061
0.14586608111858368
-0.2063695341348648
-0.07244208455085754
-0.33467867970466614
0.2647278606891632
0.2550678253173828
-0.37051069736480713
0.1314041167497635
0.41083046793937683
0.3895939886569977
0.27723440527915955
0.02501119114458561
0.2866877615451813
-0.16396459937095642
0.29006537795066833
0.11027809232473373
-0.0297579076141119
-0.3015667200088501
-0.24069970846176147
0.4947498142719269
-0.2053421288728714
-0.3669673800468445
-0.26314577460289
0.06230909749865532
-0.2869475483894348
0.047314077615737915
-0.15278789401054382
-0.3413647413253784
-0.20440614223480225
-0.14277373254299164
-0.33041778206825256
-0.06353724002838135
0.09839183837175369
-0.311933308839798
0.04531833902001381
-0.1884632557630539
0.02950328402221203
0.12663182616233826
-0.11850942671298981
0.17597462236881256
0.3255980312824249
0.22106324136257172
-0.019020764157176018
-0.021503234282135963
0.1479705572128296
0.14715604484081268
-0.011983364820480347
0.4169222414493561
0.44822990894317627
