-0.161163792014122
-0.4137595593929291
0.2553783357143402
0.1675143986940384
-0.4137856364250183
-0.3462328612804413
-0.17657172679901123
0.35679662227630615
-0.08195582032203674
-0.27734649181365967
-0.328538715839386
-0.3757293224334717
-0.28755348920822144
0.37501540780067444
-0.29230183362960815
-0.19280359148979187
0.13896170258522034
0.36634740233421326
-0.04166799783706665
0.3050943911075592
-0.41230639815330505
0.3684099018573761
0.3430144488811493
-0.09639501571655273
0.06902742385864258
0.29802757501602173
0.32160332798957825
0.41954877972602844
0.16581954061985016
0.21570047736167908
-0.3583047688007355
0.08713021874427795
-0.2663993239402771
0.4764251708984375
-0.2405092418193817
0.04851476848125458
0.4365009069442749
0.2716990113258362
0.2284698188304901
0.5016218423843384
0.059709127992391586
-0.5544766783714294
0.5648081302642822
0.25125330686569214
0.15085594356060028
0.35206255316734314
-0.06097116321325302
-0.19182848930358887
0.47861936688423157
0.33313676714897156
-0.32696232199668884
-0.3459978699684143
0.4229085445404053
0.14325465261936188
-0.07739689946174622
0.10181454569101334
0.30800294876098633
-0.05709061399102211
0.23050245642662048
-0.011843094602227211
0.459785133600235
-0.4082222580909729
-0.3184005320072174
-0.27681902050971985
0.1968548446893692
-0.14469937980175018
-0.41038697957992554
0.4778995215892792
-0.017631467431783676
0.22495143115520477
-0.18754151463508606
0.018857616931200027
-0.23683767020702362
-0.10313721001148224
0.5619455575942993
0.4673108756542206
0.22446560859680176
0.08719003200531006
0.3104311227798462
-0.20702822506427765
0.18090060353279114
0.3086283504962921
-0.21603702008724213
-0.13405174016952515
0.3683202564716339
-0.17075835168361664
-0.42038241028785706
-0.153084397315979
-0.2025560736656189
0.04908329248428345
0.3112036883831024
0.08450671285390854
-0.2506583034992218
0.4078610837459564
-0.08966080844402313
-0.01409911084920168
0.2893618643283844
-0.048692815005779266
-0.10388392210006714
0.4578755497932434
0.3270990550518036
0.036284007132053375
-0.1411527395248413
0.08654896169900894
-0.21402893960475922
0.007731882855296135
-0.1603473275899887
0.04432763531804085
0.0005588989588432014
-0.30174094438552856
0.31085407733917236
0.2013077437877655
-0.05215693265199661
-0.4624398350715637
-0.3043772876262665
0.5251533389091492
-0.4636755883693695
-0.3428907096385956
0.18707355856895447
0.3364894688129425
-0.34264877438545227
0.38941141963005066
-0.4598977863788605
0.12980997562408447
0.13253337144851685
0.45352813601493835
0.02327795885503292
0.35906028747558594
0.25555166602134705
-0.02297261357307434
0.2805406153202057
0.058011315762996674
0.2725180685520172
0.09418667107820511
0.04325643181800842
0.32002487778663635
0.07620200514793396
-0.017272550612688065
0.14324665069580078
-0.16422586143016815
0.12410221248865128
0.27566689252853394
0.31907209753990173
0.10704583674669266
0.24722100794315338
-0.2310447245836258
-0.24901525676250458
0.3970833718776703
0.013586314395070076
-0.2996480464935303
-0.40433207154273987
-0.4401317834854126
-0.2079787254333496
0.2484573870897293
-0.18705205619335175
-0.16450776159763336
0.2498253881931305
0.23573540151119232
-0.23723307251930237
-0.10556656122207642
0.3531712591648102
0.2989311218261719
-0.303833544254303
-0.36182400584220886
0.25427955389022827
-0.3465968668460846
0.12036696076393127
0.3246801793575287
-0.05775096267461777
0.6329017877578735
-0.019029825925827026
0.6608835458755493
0.2718636989593506
-0.3926539719104767
0.19132786989212036
0.022459503263235092
-0.38133659958839417
-0.43603262305259705
-0.3331741690635681
0.31397169828414917
-0.09699176996946335
0.22597208619117737
0.05610412359237671
-0.18480996787548065
0.1433717906475067
0.2946726381778717
-0.5499981045722961
0.1147812232375145
0.5234575271606445
0.007280789781361818
0.3503987193107605
0.295019268989563
-0.16446274518966675
-0.11317485570907593
-0.236552432179451
-0.5533203482627869
-0.12798744440078735
-0.1468626707792282
-0.3225714862346649
-0.029092002660036087
0.27555590867996216
0.5823485851287842
0.1906602829694748
0.02827633172273636
0.004909759387373924
0.02999093569815159
0.48638883233070374
0.5389758348464966
0.4448222517967224
0.5510898232460022
-0.23443594574928284
-0.1944633275270462
0.18343953788280487
-0.18450449407100677
-0.2750805616378784
-0.08066704124212265
-0.16351200640201569
-0.03074946627020836
-0.13791362941265106
0.42828816175460815
0.10344424843788147
-0.22322960197925568
-0.2786193788051605
-0.25838878750801086
0.042586296796798706
-0.07032570242881775
0.015477180480957031
0.291843444108963
0.3083476126194
0.35798147320747375
-0.3770190477371216
0.25301626324653625
0.06133437156677246
0.1749480664730072
0.20757368206977844
-0.13627782464027405
-0.3664631247520447
-0.02619495987892151
-0.428663045167923
-0.3550150394439697
-0.15141503512859344
-0.21858419477939606
0.2410392463207245
0.41494813561439514
-0.17125801742076874
-0.4599961042404175
-0.2770853042602539
0.3570844829082489
-0.023731496185064316
-0.38584351539611816
0.49930843710899353
0.5095399022102356
0.07981249690055847
0.3389102816581726
-0.3244275152683258
0.06579169631004333
