0.11335992813110352
-0.07067378610372543
0.08029164373874664
0.1275210827589035
-0.014342713169753551
-0.005986918229609728
0.11742223799228668
-0.05872347578406334
-0.06044144928455353
0.11167287081480026
0.11110184341669083
0.1408151239156723
0.09064308553934097
-0.04905194789171219
0.056199461221694946
-0.026536284014582634
0.11498294025659561
0.11270260065793991
0.0
-0.06214778125286102
-0.05076161399483681
0.04809729382395744
-0.0583818294107914
0.06887941062450409
0.1134098470211029
0.08822951465845108
0.06477344781160355
0.1115097627043724
-0.010559571906924248
0.0
-0.08970483392477036
0.09962869435548782
