-0.1824745237827301
-0.22879596054553986
0.3748026192188263
0.39935922622680664
0.498821884393692
0.044256385415792465
-0.29506033658981323
-0.2177264541387558
-0.19427073001861572
-0.2013183981180191
0.5103194117546082
-0.08116229623556137
0.2675056457519531
0.014230744913220406
-0.13121317327022552
0.06278727948665619
0.20776553452014923
0.22144216299057007
-0.36461877822875977
-0.34761062264442444
-0.08228031545877457
-0.046348392963409424
-0.2720484733581543
0.19379602372646332
-0.07620401680469513
0.24958157539367676
0.23216485977172852
0.4990837872028351
0.22483527660369873
-0.21845366060733795
0.1411324143409729
-0.24979011714458466
0.21162064373493195
-0.23351722955703735
0.2814207673072815
0.441115140914917
0.20082026720046997
-0.08161503821611404
0.3226800858974457
-0.11324808746576309
-0.056672241538763046
0.33241045475006104
0.4540838599205017
0.20295341312885284
-0.36022818088531494
-0.04001443833112717
-0.022737979888916016
0.22458304464817047
-0.3064548671245575
0.21090754866600037
-0.4124639630317688
-0.172633096575737
0.2803613245487213
-0.34905683994293213
0.408525675535202
0.36470282077789307
-0.031091896817088127
-0.052986521273851395
-0.5400528907775879
0.4384904205799103
0.283423513174057
-0.05493723601102829
-0.11449949443340302
0.10259266942739487
0.2741330564022064
-0.32245996594429016
0.3514174520969391
-0.25696828961372375
0.4214121699333191
0.30357712507247925
-0.28703975677490234
0.41883763670921326
-0.2831253409385681
0.38784080743789673
0.17504525184631348
0.24331621825695038
0.22340093553066254
0.03398679941892624
-0.16045346856117249
0.28636693954467773
-0.27728620171546936
-0.23430462181568146
0.41230472922325134
0.3988112211227417
0.37787532806396484
-0.17473918199539185
-0.5181784629821777
-0.1807718276977539
0.12249820679426193
-0.1344340443611145
0.04549209401011467
0.12572331726551056
0.5234721302986145
0.15731455385684967
-0.2533237040042877
0.11366944015026093
0.07552535086870193
-0.32541123032569885
0.1589963734149933
0.36437609791755676
0.21862675249576569
-0.3524816632270813
-0.3895598351955414
-0.00023818237241357565
0.18574164807796478
-0.3612488806247711
-0.12501008808612823
-0.2048594355583191
0.07144679129123688
0.35533249378204346
0.14095163345336914
0.45465323328971863
0.11400026082992554
-0.03340419754385948
-0.39442819356918335
0.11258876323699951
-0.23334921896457672
0.24927514791488647
-0.003034805180504918
0.12106020748615265
0.19171974062919617
-0.10948316752910614
0.08129839599132538
0.06783214956521988
0.09402632713317871
0.17636120319366455
0.1717999279499054
-0.2695520520210266
-0.003453722456470132
0.18249794840812683
0.2964223623275757
-0.31519368290901184
-0.1826072335243225
-0.344711035490036
-0.1547987312078476
0.02130325324833393
-0.26136595010757446
-0.10791108012199402
-0.10684989392757416
0.21115422248840332
0.05312596261501312
0.3087170124053955
-0.33284392952919006
-0.011269059032201767
0.21421830356121063
0.2183169275522232
-0.38993698358535767
0.09807443618774414
-0.15577815473079681
-0.20672784745693207
0.11673352122306824
0.12765729427337646
0.052724700421094894
0.04957476630806923
0.2882504463195801
0.4877508580684662
0.46600744128227234
-0.378374844789505
-0.18390785157680511
-0.09012161940336227
-0.1921936422586441
-0.13727590441703796
-0.2622428238391876
-0.362723708152771
-0.25315725803375244
0.14221365749835968
0.2676714360713959
-0.23629246652126312
-0.3207281529903412
0.30073320865631104
-0.3090570867061615
0.3352331817150116
-0.3873819410800934
-0.15451601147651672
-0.02022576332092285
0.3315475285053253
0.18033497035503387
0.2513977587223053
-0.13889969885349274
-0.24638152122497559
0.3912777900695801
-0.32422059774398804
0.2648373544216156
-0.05098355934023857
0.2698768973350525
-0.0035914017353206873
0.07890959084033966
0.3538016676902771
-0.06931154429912567
-0.19275060296058655
-0.1863083690404892
0.1855931282043457
-0.019525468349456787
0.31607404351234436
-0.2695009708404541
-0.3372177183628082
-0.2528214156627655
-0.08862779289484024
-0.2274625301361084
0.017742307856678963
0.1622929573059082
0.10301896929740906
-0.11154787242412567
0.29306209087371826
0.19073377549648285
-0.09542559087276459
0.2578626573085785
-0.0836184099316597
0.15285973250865936
0.015837062150239944
-0.19326406717300415
-0.026418650522828102
-0.27061349153518677
0.10574018955230713
-0.4096764922142029
-0.36380815505981445
-0.28471875190734863
-0.20748776197433472
0.3100499212741852
-0.0018899710848927498
0.3885914385318756
0.27437660098075867
0.22946962714195251
-0.048571910709142685
-0.006413072347640991
-0.2931634485721588
-0.3116219937801361
-0.36970874667167664
-0.059951234608888626
0.10366736352443695
0.14701956510543823
-0.017087483778595924
0.017589570954442024
0.1061512902379036
-0.3476492762565613
0.4090624451637268
0.13315308094024658
-0.1670776605606079
-0.1027894914150238
0.23038245737552643
-0.044135093688964844
0.2755514681339264
-0.2265046238899231
-0.08592067658901215
0.12460865825414658
0.07805612683296204
0.30842581391334534
0.19986268877983093
-0.011391308158636093
0.24501904845237732
0.039166733622550964
0.3910847306251526
0.04726633429527283
0.16943000257015228
-0.11805930733680725
0.17775672674179077
0.08581478893756866
-0.2029668390750885
-0.06534181535243988
-0.0680132806301117
-0.15134328603744507
-0.3036775588989258
0.08696626126766205
-0.5231557488441467
0.09378208965063095
-0.5389322638511658
0.20731599628925323
0.14647121727466583
0.1692786067724228
-0.13533052802085876
-0.1679704487323761
-0.025279531255364418
0.18873269855976105
0.21858122944831848
0.30286553502082825
-0.14548325538635254
0.17370429635047913
0.1824205219745636
0.28604164719581604
0.012925595045089722
0.15816202759742737
-0.007577419281005859
0.03182872012257576
-0.060548290610313416
-0.16675932705402374
0.09543507546186447
-0.022534161806106567
-0.0432317852973938
0.13490945100784302
0.1886703073978424
-0.287659227848053
-0.38863375782966614
-0.07471990585327148
0.14951328933238983
-0.04777832701802254
-0.12305162847042084
-0.09059030562639236
-0.2160901576280594
-0.21777962148189545
0.30051371455192566
-0.06390661746263504
-0.06819853186607361
-0.18772754073143005
-0.01411559246480465
-0.25014373660087585
-0.22560299932956696
-0.2036219984292984
-0.3566581904888153
-0.24187250435352325
-0.33990055322647095
-0.3319644629955292
-0.34776732325553894
0.02113165706396103
-0.27488255500793457
-0.06041356548666954
0.4661455750465393
-0.023052722215652466
-0.43008890748023987
0.054692208766937256
-0.13588069379329681
-0.2717171609401703
-0.05262371897697449
-0.053327493369579315
0.22821572422981262
-0.21139059960842133
0.08694343268871307
-0.007478493731468916
-0.21275284886360168
0.0979304239153862
-0.20410220324993134
0.20601831376552582
0.22063934803009033
-0.3155381679534912
-0.052790317684412
-0.14927056431770325
0.09728651493787766
0.02226760983467102
-0.13400624692440033
0.009409695863723755
0.24441573023796082
-0.272495299577713
0.25655755400657654
-0.2716577649116516
0.012877269648015499
0.10443994402885437
-0.18488766252994537
-0.017309218645095825
0.20129546523094177
-0.1518915593624115
-0.018593579530715942
-0.25270119309425354
-0.2052711695432663
0.2123880386352539
0.1836245357990265
0.26277250051498413
-0.13240231573581696
0.4593384265899658
0.20005515217781067
0.24947074055671692
0.211443692445755
0.17216856777668
-0.26147666573524475
0.5044190287590027
-0.06697512418031693
-0.06991437077522278
0.44323650002479553
-0.3207390308380127
0.15312322974205017
-0.1650962084531784
-0.18818411231040955
-0.2366412729024887
0.09146815538406372
0.1877421885728836
0.10490232706069946
0.1593017876148224
0.0678093209862709
-0.17738287150859833
-0.10640694946050644
0.3032929599285126
0.4232836365699768
0.22798675298690796
-0.17227284610271454
-0.031789183616638184
-0.28941163420677185
0.04701647907495499
-0.2471637725830078
-0.061964817345142365
0.1972692310810089
0.40185463428497314
-0.25844666361808777
0.31094297766685486
0.40685519576072693
0.20712468028068542
0.147140234708786
-0.15982463955879211
0.4785825312137604
0.23728342354297638
-0.21823471784591675
0.08415377140045166
-0.2711540758609772
0.015139991417527199
0.029256731271743774
0.40695831179618835
0.01940228044986725
0.43727415800094604
-0.010766739957034588
0.3421621322631836
0.39536619186401367
-0.02801639586687088
0.14014966785907745
-0.20152230560779572
0.008349151350557804
0.0217855516821146
0.13145536184310913
0.022472858428955078
0.12622112035751343
-0.09980190545320511
0.10644081234931946
0.41974276304244995
0.10475721210241318
0.5215536952018738
-0.14514927566051483
0.09896041452884674
-0.3397632837295532
-0.11666527390480042
-0.11745859682559967
0.47114500403404236
0.011559730395674706
-0.06990883499383926
0.3491581380367279
0.0002409815788269043
0.1949888914823532
0.1902649700641632
0.0712989866733551
0.1749381572008133
0.15604238212108612
0.14503999054431915
-0.02336250990629196
0.41428259015083313
0.28396883606910706
0.00309241795912385
0.38139790296554565
0.07263070344924927
0.05794818699359894
0.14346545934677124
-0.37886136770248413
-0.31300121545791626
-0.27326592803001404
-0.18112078309059143
0.09786796569824219
0.006513548083603382
-0.004277301020920277
-0.1792978048324585
-0.060741037130355835
-0.3942207098007202
0.3012111186981201
0.015626851469278336
0.1334204375743866
0.009319190867245197
0.2948346436023712
0.3281210958957672
0.27474647760391235
-0.19332851469516754
-0.16157327592372894
-0.09936752915382385
-0.23371818661689758
0.24496179819107056
0.3279830515384674
0.3102215826511383
0.09785756468772888
0.10809893161058426
-0.018052805215120316
0.30219829082489014
0.40358662605285645
-0.135641947388649
0.33926019072532654
-0.1897076666355133
-0.017719358205795288
-0.20114068686962128
0.3247416019439697
-0.26196011900901794
-0.12043166160583496
-0.35993871092796326
-0.03225656971335411
-0.17461955547332764
-0.2082308977842331
-0.010169964283704758
0.03743191435933113
0.3185875117778778
0.30810824036598206
-0.4722948968410492
0.4329756498336792
-0.341044545173645
0.06716414541006088
0.21355083584785461
0.2850174009799957
-0.25420311093330383
0.0012686665868386626
0.14828196167945862
-0.4093421995639801
-0.09532280266284943
0.006376475095748901
-0.26491719484329224
-0.07261618971824646
0.04885886609554291
-0.1526975780725479
0.029690995812416077
0.016640400514006615
0.3429051339626312
-0.21592968702316284
-0.2299913763999939
-0.08420956879854202
