0.03557237610220909
0.006354062352329493
-0.05412459746003151
0.09077389538288116
-0.042371269315481186
-0.026606811210513115
-0.06830727308988571
0.06023021414875984
-0.023128118366003036
0.062131039798259735
0.04854260012507439
0.03045032173395157
0.08073902130126953
-0.07965018600225449
0.013921636156737804
-0.018011074513196945
0.1269567906856537
0.06522935628890991
-0.013661384582519531
0.06594876199960709
-0.04749661684036255
-0.061317626386880875
-0.021249061450362206
0.08233572542667389
0.11054011434316635
-0.06568166613578796
-0.05650470033288002
0.07856724411249161
-0.05565151944756508
0.005714488681405783
-0.04155626893043518
0.05768527090549469
-0.04725707322359085
-0.1154983639717102
0.0642261803150177
0.029635846614837646
-0.03596658259630203
-0.04984479397535324
-0.08003762364387512
-0.07189647853374481
-0.10562141239643097
0.07462987303733826
-0.11752820760011673
-0.05302878096699715
0.02488413266837597
0.09046010673046112
-0.005086014978587627
-0.09376465529203415
0.008313617669045925
0.09883375465869904
0.024711251258850098
-0.007026077713817358
-0.03804725781083107
0.0722130686044693
-0.04866700991988182
0.0470268577337265
-0.07883580774068832
-0.07255537807941437
-0.050678398460149765
0.055341530591249466
-0.06897080689668655
0.047690119594335556
0.021798372268676758
-0.013633769005537033
0.08024320006370544
0.0681106373667717
0.028196977451443672
-0.06864015758037567
0.02803949825465679
-0.02944043092429638
0.11233928799629211
-0.04246734455227852
0.057835254818201065
-0.006299633998423815
0.12116271257400513
0.0855853408575058
0.05212932452559471
0.13450917601585388
-0.03769563511013985
0.006796445697546005
0.003650595201179385
0.07362788170576096
0.0684482604265213
0.11790742725133896
0.05472143739461899
0.0034268605522811413
-0.009991302154958248
0.06243468448519707
0.05995358154177666
0.006970490328967571
0.0619787871837616
0.013048606924712658
0.00985891092568636
0.05531488358974457
-0.05295364186167717
-0.1198350191116333
-0.04852300137281418
0.03966725990176201
-0.10698754340410233
-0.020184189081192017
-0.11787772923707962
-0.11494387686252594
0.0660000741481781
-0.11801345646381378
-0.07418994605541229
-0.05814171954989433
-0.03852781280875206
0.02896808460354805
0.0633716806769371
-0.08651140332221985
-0.00227684760466218
0.05597862973809242
0.000670979090500623
-0.0038624554872512817
-0.07560987770557404
-0.03318588435649872
0.07108210772275925
-0.004181422758847475
0.05853533744812012
-0.06485360115766525
-0.07317866384983063
-0.042918309569358826
0.017520682886242867
0.06132165715098381
0.07748876512050629
0.07408323884010315
-0.06607954204082489
0.05409800633788109
-0.04023459181189537
0.0992959588766098
-0.019327854737639427
0.016448836773633957
0.0277524683624506
0.037346385419368744
0.13142359256744385
0.02154090814292431
0.18086600303649902
0.01066336315125227
0.10955334454774857
0.11177489161491394
-0.006941722705960274
0.0640968456864357
0.09406217187643051
0.13231799006462097
-0.07048449665307999
0.07579713314771652
0.03630059212446213
-0.03969118371605873
-0.040577102452516556
0.03673892468214035
0.09672290086746216
-0.04580147564411163
-0.032448578625917435
-0.08518131822347641
-0.0518508180975914
0.025808323174715042
-0.06253340095281601
0.05853891000151634
-0.04811294376850128
0.019981633871793747
0.031098749488592148
0.018785592168569565
-0.09294243901968002
-0.04311773180961609
-0.024255361407995224
0.08524425327777863
-0.1005004346370697
0.04055576026439667
0.025457529351115227
0.03326837345957756
-0.11812980473041534
0.04229624941945076
-0.09037996828556061
0.06789077073335648
0.04532239958643913
0.06243111193180084
-0.00010097408812725917
-0.09747721254825592
-0.10530094802379608
0.019073760136961937
0.04521394893527031
0.07798846811056137
0.008000968024134636
0.08234188705682755
-0.1040283665060997
0.0163944773375988
-0.05704909563064575
-0.04173405468463898
0.0272896159440279
0.08542333543300629
0.010074661113321781
0.001951437909156084
-0.050376344472169876
0.043048419058322906
-0.05567827448248863
0.13375894725322723
-0.02381490170955658
0.09072034806013107
0.1548706591129303
0.022738909348845482
0.20537850260734558
0.059302784502506256
0.11597849428653717
0.12950333952903748
-0.0026142059359699488
-0.029454605653882027
0.14200422167778015
0.027386857196688652
-0.021210098639130592
0.06597777456045151
0.01985524781048298
0.059112899005413055
0.018242638558149338
0.09406963735818863
-0.05725409835577011
0.02168768085539341
-0.09141866862773895
0.09671687334775925
0.07530044764280319
-0.08881725370883942
0.05951708182692528
-0.020305076614022255
0.060296446084976196
0.08439624309539795
-0.10476672649383545
-0.08505550771951675
-0.11636073887348175
-0.09752249717712402
-0.08135790377855301
-0.0703016072511673
0.0650610625743866
0.0502278171479702
0.06791091710329056
-0.1111554279923439
0.03259190544486046
-0.04102431610226631
-0.011519224382936954
-0.035305459052324295
0.03949504345655441
0.0889819785952568
-0.07984667271375656
-0.09555051475763321
0.0832856297492981
-0.10337655991315842
-0.036721985787153244
-0.059361532330513
0.010812605731189251
0.011357643641531467
0.06770487874746323
0.08807174861431122
0.04002002254128456
0.04809446632862091
-0.026656394824385643
-0.03802790492773056
-0.09014942497015
0.042605575174093246
0.12046244740486145
0.06778030097484589
0.061018265783786774
-0.015789831057190895
0.04472026601433754
-0.051705487072467804
-0.054491087794303894
0.1290844827890396
0.07280170172452927
-0.01650105230510235
0.019872063770890236
0.09184812754392624
0.05513346195220947
0.09857112914323807
-0.08158470690250397
-0.02683822438120842
0.01763257570564747
-0.02190704457461834
0.06518803536891937
0.08228231221437454
-0.08345054090023041
-0.06433738023042679
0.0006618542829528451
-0.05798258259892464
0.04684142768383026
0.007167337462306023
0.08393729478120804
0.09192463010549545
0.02391193062067032
-0.012495646253228188
0.0775788426399231
-0.06605757027864456
-0.050334952771663666
0.05690578743815422
-0.016613388434052467
0.08197889477014542
-0.01503861602395773
-0.010776299051940441
-0.07244309037923813
0.08180196583271027
0.004795817192643881
0.010277646593749523
-0.08487285673618317
0.06625817716121674
0.05338204652070999
0.04203499108552933
-0.126657173037529
-0.0346231684088707
-0.09898634999990463
-0.06765314191579819
0.06559130549430847
-0.06705650687217712
0.09247060865163803
-0.015942243859171867
-0.08479603379964828
0.007130870595574379
-0.034303925931453705
0.034926123917102814
0.03186170384287834
0.026340940967202187
-0.04879673570394516
0.050032369792461395
0.0821298360824585
0.017764965072274208
0.09799330681562424
-0.052148666232824326
0.00875029806047678
-0.04707777872681618
-0.06646233797073364
-0.0677577331662178
-0.05066338926553726
-0.05403586104512215
0.08556123822927475
-0.005565978586673737
-0.013624313287436962
0.06842143088579178
0.08485923707485199
-0.012453504838049412
-0.014048588462173939
0.010220770724117756
0.05049355328083038
0.13389725983142853
-0.021265435963869095
-0.03249892592430115
0.11524882167577744
0.03277214616537094
-0.047376908361911774
-0.016405625268816948
0.10709285736083984
0.017996547743678093
-0.08951892703771591
0.0849812924861908
0.05999648943543434
-0.09969654679298401
-0.014915864914655685
0.01350245252251625
0.003747552866116166
0.0024243739899247885
-0.05920548364520073
-0.029314681887626648
-0.07369232922792435
-0.052057575434446335
0.06507502496242523
-0.0331583209335804
0.06018800288438797
0.01921791397035122
-0.11594390869140625
0.08544087409973145
-0.08486057817935944
-0.023696519434452057
0.09723557531833649
-0.05518946424126625
-0.11263754218816757
0.05159112811088562
-0.053851816803216934
0.012147556059062481
-0.07344826310873032
0.09085240960121155
-0.07134295254945755
0.06397289782762527
-0.02833903580904007
0.01021957490593195
0.13164551556110382
0.12169553339481354
-0.05369505286216736
0.07560811191797256
-0.02347381040453911
0.028193680569529533
-0.0815209448337555
0.13100138306617737
-0.0969725102186203
-0.11486442387104034
0.042758967727422714
0.046100396662950516
-0.08378816395998001
0.05384311079978943
0.055625103414058685
0.07212179899215698
0.12543945014476776
0.0870257243514061
0.0722457766532898
0.008009348064661026
-0.036880817264318466
-0.09738212078809738
-0.08128184825181961
-0.026327861472964287
0.03134194761514664
-0.06288772821426392
-0.10772056132555008
-0.12000571191310883
-0.07294632494449615
-0.048437949270009995
-0.11546330153942108
0.042256709188222885
-0.03520631417632103
0.0515371598303318
-0.024823235347867012
0.035640064626932144
0.01912522129714489
-0.12940242886543274
0.037950076162815094
-0.07727861404418945
-0.031531453132629395
-0.03255167230963707
-0.016637561842799187
-0.08688134700059891
0.018739093095064163
-0.07411962002515793
-0.030360130593180656
0.0874946340918541
0.007706766482442617
0.052814941853284836
-0.09941161423921585
0.008119056932628155
0.06892501562833786
0.07099226117134094
-0.06706785410642624
-0.03983476012945175
0.0008050110773183405
0.0908200666308403
-0.06639722734689713
-0.054349977523088455
0.10049378871917725
-0.07527262717485428
0.12020605802536011
0.004802023991942406
-0.023026224225759506
-0.09343085438013077
0.056955382227897644
0.1099226102232933
0.0816405788064003
0.11398686468601227
0.07112839072942734
-0.06871086359024048
0.10281302779912949
-0.0764220580458641
0.01932043582201004
-0.10752005130052567
-0.07105299085378647
0.08769848942756653
-0.10870503634214401
0.13446208834648132
0.02036071941256523
0.11214983463287354
0.057706739753484726
0.0681988000869751
-0.0441623218357563
0.01820405013859272
0.008902744390070438
0.04113069176673889
-0.06807292252779007
0.07155585289001465
0.08056369423866272
0.09735986590385437
0.017000064253807068
-0.013041636906564236
0.09117547422647476
-0.04668710008263588
-0.009306435473263264
0.06319943815469742
-0.0006980900070630014
-0.08998732268810272
0.08636973053216934
0.03061741590499878
-0.04519348964095116
0.07830590754747391
-0.0144382668659091
0.050713587552309036
-0.10527109354734421
0.0005082011921331286
0.02145410142838955
-0.08522064238786697
0.04040352255105972
-0.03064594604074955
0.04573750123381615
0.006977688521146774
-0.07372675091028214
0.048996057361364365
-0.013197083957493305
0.016467083245515823
0.023255541920661926
-0.013769739307463169
0.056994449347257614
0.08344314247369766
0.11056073009967804
0.10809923708438873
0.09172003716230392
0.03528652712702751
-0.12520714104175568
0.07873506844043732
0.09320630878210068
0.0415135994553566
-0.08358709514141083
0.062139157205820084
0.12100718915462494
0.11092846840620041
