0.2019147425889969
-0.0650528222322464
0.03891114518046379
0.05647715926170349
-0.07408394664525986
0.19280877709388733
0.01290733739733696
0.35861465334892273
0.2387067824602127
0.08726846426725388
0.014674071222543716
0.16130518913269043
0.3195900321006775
-0.16568076610565186
-0.3250298500061035
-0.4147251546382904
-0.43984028697013855
0.40924835205078125
-0.6717613339424133
-0.5363146066665649
-0.460781067609787
-0.5049877762794495
0.4480903446674347
-0.6146738529205322
-0.1742464005947113
-0.43791911005973816
-0.4700418710708618
-0.47185203433036804
-0.37417393922805786
0.3470436930656433
0.38457849621772766
0.7239987850189209
0.34299778938293457
0.23913539946079254
0.15997037291526794
0.3181101977825165
-0.03981873020529747
-0.13259729743003845
-0.2111603319644928
0.0026872092857956886
0.06903302669525146
0.13740453124046326
-0.06172635033726692
0.17105905711650848
0.2664339542388916
-0.2252608686685562
-0.3238515555858612
-0.12915651500225067
0.22917723655700684
-0.20792657136917114
0.0035640504211187363
0.13404513895511627
0.2646584212779999
0.0891023799777031
-0.08353924751281738
0.0885474756360054
0.1891428381204605
0.030174320563673973
0.19165495038032532
0.08606195449829102
0.2891041934490204
-0.37448450922966003
-0.08173725008964539
-0.3346122205257416
0.3850972354412079
-0.2930845320224762
0.4439879357814789
0.5455637574195862
0.4200907349586487
0.22704870998859406
-0.004255190957337618
0.3416122496128082
0.2546638548374176
0.47946497797966003
0.27753421664237976
0.46868565678596497
0.46039000153541565
-0.12336450070142746
-0.5495495796203613
-0.5738012790679932
0.09125036001205444
-0.15477867424488068
0.13565237820148468
0.2544844448566437
-0.021120820194482803
0.4091466963291168
-0.029068462550640106
0.3786602318286896
0.26943323016166687
0.27780377864837646
0.16414716839790344
0.18563464283943176
0.21126946806907654
-0.3220161497592926
0.11116144061088562
-0.2876109480857849
0.14987432956695557
-0.3367915749549866
0.12366002798080444
-0.04476176202297211
0.22842194139957428
0.315398246049881
-0.0002972990623675287
0.22809848189353943
-0.12667347490787506
0.20863164961338043
0.23050904273986816
0.14289522171020508
0.07874059677124023
-0.013303249143064022
0.027009662240743637
-0.04295783117413521
0.0634855106472969
-0.1954442411661148
0.3531191647052765
0.17274364829063416
-0.05881377309560776
0.20703469216823578
-0.17511525750160217
0.17342771589756012
0.3542122542858124
0.22976845502853394
0.19265583157539368
0.25382310152053833
0.3443652391433716
-0.2702675759792328
-0.18873988091945648
-0.5838191509246826
-0.021011309698224068
-0.014453042298555374
0.0737629234790802
0.19844378530979156
0.0838329941034317
0.0441320575773716
-0.08430895209312439
-0.03358011692762375
0.24585120379924774
0.3483007252216339
0.05537769943475723
-0.11780238896608353
0.19470088183879852
0.1456346958875656
-0.035500667989254
-0.2400909662246704
0.15937422215938568
-0.06020635738968849
-0.0018455409444868565
0.16499555110931396
-0.05250288546085358
-0.06085985526442528
-0.07473766058683395
0.21803730726242065
0.3042803406715393
0.15047287940979004
0.2358214408159256
0.26184579730033875
0.3659648597240448
-0.11902565509080887
-0.08988705277442932
-0.07639975100755692
0.38144445419311523
-0.034055132418870926
0.05690687149763107
0.05736733600497246
-0.44378966093063354
0.33001646399497986
-0.23096875846385956
0.04324691742658615
0.29394635558128357
0.2683141231536865
0.29641053080558777
0.14899900555610657
0.18287332355976105
-0.18803313374519348
-0.12539762258529663
-0.0778774619102478
-0.07105344533920288
0.11397112160921097
-0.21713176369667053
0.06216905266046524
-0.16144172847270966
0.04693903401494026
-0.11450508236885071
0.10351932048797607
0.22482499480247498
-0.07294420897960663
0.03608350455760956
0.1509397178888321
0.040170758962631226
0.03197410702705383
-0.06334779411554337
-0.09825678914785385
0.23163585364818573
-0.17983485758304596
0.2995399534702301
-0.008916103281080723
-0.025756390765309334
0.4521760940551758
0.02942739985883236
0.11981680244207382
0.4146321415901184
-0.05477212741971016
0.191883385181427
0.1160898357629776
0.2774812877178192
-0.053004905581474304
-0.1838681697845459
-0.3804950416088104
0.0013705298770219088
0.09983964264392853
-0.10584887862205505
0.07077276706695557
-0.11657041311264038
0.12266094237565994
-0.4041372239589691
0.26200997829437256
0.08403848111629486
-0.05732094496488571
0.08083713799715042
0.0001572651817696169
0.22907979786396027
-0.2388215810060501
-0.03414740413427353
0.056451741605997086
0.25177329778671265
-0.10210631787776947
0.028204020112752914
0.2260158658027649
0.29622748494148254
0.26261472702026367
0.028520938009023666
0.12465331703424454
-0.09272783249616623
0.027628103271126747
0.36815404891967773
0.11414598673582077
0.22169364988803864
0.007770207244902849
-0.06222754716873169
-0.10500992834568024
0.023086566478013992
-0.017323188483715057
-0.21451951563358307
0.3150700032711029
0.11798800528049469
0.07319973409175873
0.09482879191637039
0.35248568654060364
0.10944601148366928
0.029719680547714233
0.053058743476867676
-0.09738927334547043
0.11925221234560013
-0.08672306686639786
0.022631453350186348
-0.106720469892025
0.3399195075035095
-0.14662696421146393
0.4145990014076233
0.31969594955444336
0.06451569497585297
0.14880728721618652
-0.34043994545936584
0.3542626202106476
0.16582918167114258
0.2856104373931885
0.13559170067310333
0.09818967431783676
0.29665303230285645
-0.20436270534992218
-0.5127499103546143
-0.21194037795066833
-0.49073249101638794
0.3007117509841919
-0.6158959865570068
-0.31477090716362
-0.5922722816467285
-0.2061634212732315
-0.028020104393363
-0.365155428647995
-0.19514302909374237
-0.5238455533981323
-0.5032467246055603
-0.3649621903896332
-0.5555611848831177
0.4551730751991272
0.11851224303245544
0.6196646094322205
0.15882617235183716
0.031745318323373795
0.0808662474155426
0.26492804288864136
-0.12010570615530014
0.23177137970924377
-0.29700735211372375
-0.023074209690093994
0.28864169120788574
-0.0706702247262001
0.3079496920108795
0.17031513154506683
0.4476381242275238
-0.1487983614206314
-0.4797675907611847
-0.2137431800365448
0.2875487506389618
-0.15266655385494232
-0.020787399262189865
0.16054874658584595
0.20099103450775146
0.3241576850414276
-0.277426540851593
0.15774475038051605
0.03424167260527611
0.16872091591358185
0.2721286714076996
0.19972506165504456
0.39708930253982544
-0.1866796612739563
-0.335786908864975
-0.31314602494239807
0.20591740310192108
-0.39559683203697205
0.21016009151935577
0.23938336968421936
0.49828431010246277
0.3575421869754791
0.03441491350531578
0.5057445764541626
0.3129904270172119
0.615855872631073
0.4670115113258362
0.2688181698322296
0.5310701727867126
-0.1698581427335739
-0.4497111439704895
-0.4595251977443695
0.14350122213363647
-0.15793906152248383
0.11074349284172058
0.24383974075317383
0.23228026926517487
0.24360832571983337
-0.19071215391159058
0.0918237492442131
-0.09745924919843674
0.15236219763755798
0.05030928924679756
0.12410382926464081
0.1788608729839325
-0.23409639298915863
-0.04370724409818649
-0.3293455243110657
-0.03300494700670242
-0.116659976541996
0.3377193808555603
-0.019849741831421852
0.02390086092054844
-0.0300064105540514
-0.10970242321491241
0.22789603471755981
0.07540074735879898
-0.09011787176132202
0.17803744971752167
0.17013636231422424
0.10289552062749863
0.06963019073009491
0.044879842549562454
-0.26246383786201477
0.09948533028364182
-0.17226998507976532
0.24651797115802765
0.41452205181121826
0.3403788208961487
0.3513767421245575
-0.16196395456790924
0.20808540284633636
0.34856468439102173
0.024920344352722168
0.054206132888793945
0.3514319956302643
0.18425655364990234
-0.3355602025985718
-0.3231290876865387
-0.13381657004356384
0.13324841856956482
-0.08469868451356888
0.046127717941999435
0.3030833601951599
0.1253521889448166
0.02638707309961319
-0.23079656064510345
0.2574826180934906
0.34892088174819946
0.17955422401428223
0.35537877678871155
-0.07119908183813095
0.2511416971683502
-0.07496986538171768
-0.18895436823368073
-0.20048801600933075
0.46776312589645386
-0.3563573956489563
0.039082784205675125
0.3233605623245239
0.21617263555526733
0.46882620453834534
-0.3160010576248169
0.17134380340576172
0.36110445857048035
0.2594829499721527
0.12978923320770264
0.12963898479938507
0.2609173357486725
-0.3276706635951996
-0.42378973960876465
-0.5965993404388428
0.4177926182746887
-0.4931173622608185
0.04096416011452675
0.373993843793869
-0.12133634090423584
0.14300481975078583
-0.25467658042907715
0.24079711735248566
0.21195703744888306
0.11263139545917511
0.3131054937839508
0.15945123136043549
0.25371837615966797
-0.06811858713626862
-0.31830936670303345
-0.33871906995773315
0.33731338381767273
-0.01806720159947872
0.18127776682376862
0.052487000823020935
0.22705654799938202
0.3681720793247223
-0.22436708211898804
0.0782545804977417
0.36990082263946533
0.16743838787078857
0.07066644728183746
0.1376120150089264
-0.017919428646564484
-0.20561085641384125
-0.3418002426624298
-0.07011818885803223
0.22757476568222046
-0.30041489005088806
0.22116723656654358
-0.012975196354091167
0.19406190514564514
0.16351549327373505
-0.2584652900695801
0.5148695111274719
0.3745845556259155
0.38317668437957764
0.2430727779865265
0.14197051525115967
0.16210734844207764
-0.21329185366630554
-0.4323810338973999
-0.27479997277259827
0.199615940451622
0.04532131552696228
-0.033936064690351486
0.16417309641838074
-0.2079613357782364
0.17568005621433258
-0.1561560183763504
0.12746238708496094
0.11365009099245071
-0.06273873150348663
0.052895091474056244
0.12953534722328186
0.2672508955001831
-0.15372370183467865
-0.3531738221645355
-0.19577525556087494
0.46042442321777344
0.13692818582057953
0.28361159563064575
0.321755975484848
0.17546610534191132
0.21795403957366943
-0.19370226562023163
0.2117738127708435
0.2389991134405136
0.16646945476531982
0.16428816318511963
-0.05894523859024048
0.3074256181716919
-0.09677981585264206
-0.14658646285533905
0.04920757934451103
0.09968271106481552
0.06483826041221619
-0.016890468075871468
0.16605976223945618
0.11784488707780838
0.3744504749774933
-0.2006591409444809
0.2780941128730774
0.41399404406547546
-0.02710702084004879
0.12324421107769012
0.22479046881198883
0.33906304836273193
-0.5944178700447083
-0.4018274247646332
-0.23080070316791534
0.058867696672677994
-0.17200404405593872
0.21176789700984955
0.034813039004802704
0.19840003550052643
0.1089625284075737
-0.3475304841995239
-0.105307437479496
0.22660784423351288
0.07689383625984192
0.35759320855140686
0.08953595906496048
0.2860094904899597
-0.06488224864006042
-0.22280198335647583
-0.20922017097473145
-0.3412228226661682
0.6138291954994202
-0.44917717576026917
-0.4549975097179413
-0.37625446915626526
-0.22125990688800812
0.24070827662944794
-0.8208956718444824
-0.29874885082244873
-0.2935556173324585
-0.5517955422401428
-0.405805379152298
-0.301435261964798
0.5338035225868225
0.5982977747917175
0.5453782081604004
0.12580865621566772
0.004658179357647896
-0.06971782445907593
0.026881221681833267
-0.20795109868049622
0.16409233212471008
-0.025812383741140366
0.1558239758014679
0.19240641593933105
0.013470876030623913
0.029835572466254234
-0.010791759006679058
0.2992936968803406
0.010841529816389084
-0.06887730211019516
0.04175172001123428
0.23071227967739105
-0.1775442510843277
0.0655907616019249
0.004724463447928429
0.06753728538751602
0.12894821166992188
-0.03973633795976639
0.195491224527359
0.06508588045835495
0.3817959725856781
-0.08240170031785965
0.13422060012817383
0.1352268010377884
0.12858356535434723
-0.07385465502738953
0.010457039810717106
0.37508806586265564
-0.26852309703826904
0.3264196813106537
0.26950788497924805
0.38318851590156555
-0.03903208300471306
-0.17797744274139404
0.3170522153377533
0.26575881242752075
0.14589084684848785
0.3362177908420563
0.6996340155601501
0.30251798033714294
-0.04492783173918724
-0.047190822660923004
-0.4253310561180115
0.1770174354314804
0.06776007264852524
0.20432820916175842
0.12395115941762924
0.1640889197587967
0.07299675047397614
-0.15180522203445435
0.19306977093219757
0.18911175429821014
-0.12254303693771362
0.07897462695837021
-0.06678006798028946
0.0951160416007042
0.0006627736729569733
-0.11649258434772491
-0.2052675038576126
-0.06530067324638367
-0.22846415638923645
0.11119819432497025
-0.10553596913814545
-0.0017185931792482734
-0.07384862750768661
0.07090163230895996
-0.08618634194135666
-0.12332051992416382
-0.15310651063919067
-0.3659130930900574
0.011623908765614033
0.0007815110730007291
0.18932895362377167
0.17441026866436005
0.21017417311668396
0.16201862692832947
-0.20606903731822968
0.17590288817882538
0.15855547785758972
-0.0264327060431242
0.10227134078741074
-0.4307114779949188
0.23188552260398865
0.40041229128837585
0.08438323438167572
0.08335766941308975
0.17332449555397034
0.28621789813041687
-0.26299726963043213
0.0002223313640570268
-0.24336493015289307
-0.08010094612836838
0.06925458461046219
0.23821547627449036
0.07735282182693481
0.08421110361814499
0.18188056349754333
-0.19969524443149567
0.012926404364407063
0.01228015311062336
0.0601150244474411
0.12175160646438599
0.06835220754146576
0.07910475134849548
-0.07730909436941147
-0.22287523746490479
-0.16769489645957947
0.06104253977537155
0.1315862536430359
-0.015796009451150894
0.18535611033439636
-0.10359847545623779
0.4358995258808136
-0.3300032913684845
0.3731686770915985
0.3008524775505066
0.020333806052803993
0.04086509346961975
0.1942674070596695
-0.011423295363783836
0.03584533929824829
-0.3342908024787903
-0.22709469497203827
0.04394662752747536
-0.07578646391630173
0.1176297590136528
0.24225658178329468
-0.15191900730133057
0.2167176604270935
0.08891710638999939
-0.010471218265593052
0.2509141266345978
0.08776639401912689
-0.009406975470483303
0.33454430103302
0.21384817361831665
-0.023953668773174286
-0.35122522711753845
0.0170376468449831
0.23088742792606354
0.1194755807518959
-0.014887453056871891
-0.0035722139291465282
-0.347585529088974
0.03193654492497444
-0.037188924849033356
0.26546764373779297
-0.10447757691144943
-0.07692086696624756
0.26159030199050903
0.1696723848581314
0.05668637901544571
0.024960195645689964
0.04449523612856865
0.11457221955060959
0.27189183235168457
0.017197033390402794
0.24531643092632294
0.18711858987808228
0.033052485436201096
0.12485057860612869
-0.17842932045459747
0.3978988826274872
0.1902424395084381
0.10159409046173096
0.1813855618238449
0.18962892889976501
0.12796126306056976
-0.35789763927459717
-0.3660585582256317
-0.2718852162361145
0.09929211437702179
0.04096574708819389
-0.05714011937379837
-0.16372138261795044
0.045443255454301834
-0.1201629564166069
0.0555310994386673
-0.006099224090576172
0.09733888506889343
0.11162757128477097
0.047202952206134796
0.1436220407485962
0.05441587418317795
0.09944585710763931
-0.016056304797530174
-0.006164448335766792
0.27358222007751465
0.19103752076625824
-0.0982375517487526
-0.04007609933614731
-0.05871327966451645
0.035947829484939575
-0.040859609842300415
0.07849651575088501
-0.11485450714826584
-0.08529531955718994
-0.2437392622232437
0.012634835205972195
-0.15158407390117645
0.09435010701417923
0.07082600891590118
-0.3466138541698456
0.03031395748257637
0.049961965531110764
0.08236207813024521
-0.09895341098308563
-0.0624845027923584
0.05054040998220444
-0.218877911567688
0.2423316091299057
0.09427055716514587
0.07791748642921448
0.037079084664583206
0.11041866987943649
0.08692831546068192
-0.18187786638736725
-0.32423150539398193
-0.12923049926757812
0.02447677217423916
-0.18649645149707794
0.3591279685497284
0.2873200476169586
-0.20954829454421997
0.2055891752243042
-0.16167020797729492
0.22645175457000732
0.36333760619163513
-0.08840326219797134
-0.05138534680008888
0.006624523084610701
0.2672007977962494
-0.3402393162250519
-0.21510961651802063
0.08964650332927704
-0.08328951895236969
0.06837475299835205
-0.1679096817970276
-0.031207967549562454
-0.08487248420715332
-0.1219678521156311
0.21126024425029755
-0.08073538541793823
-0.4738815426826477
-0.0536121167242527
-0.1515982449054718
-0.27374130487442017
-0.055820584297180176
0.1269838809967041
0.02674679644405842
0.1520250290632248
-0.009297794662415981
-0.20162856578826904
-0.014967556111514568
0.25956660509109497
-0.08033160865306854
0.09157287329435349
-0.055975522845983505
-0.013861131854355335
-0.021611228585243225
0.19765935838222504
0.10035563260316849
0.2563951015472412
-0.06840746104717255
-0.15690113604068756
0.07619299739599228
-0.03943665698170662
0.012019632384181023
-0.15530262887477875
0.08497873693704605
0.34576117992401123
-0.34032151103019714
-0.009658963419497013
-0.1818382740020752
-0.03245238587260246
0.30575335025787354
0.1853770762681961
0.08178261667490005
0.07658883184194565
-0.29152414202690125
-0.20898422598838806
-0.12209368497133255
-0.10513871908187866
0.2354353666305542
-0.1428663730621338
0.3042316734790802
0.39125311374664307
0.14949311316013336
0.1472710222005844
-0.32289522886276245
0.31120142340660095
0.13706424832344055
0.3227829933166504
0.19940342009067535
0.20139126479625702
0.03587711602449417
-0.20415766537189484
-0.08191926032304764
-0.28524017333984375
-0.09113176167011261
-0.050977759063243866
0.06732597947120667
0.13861329853534698
-0.26145172119140625
0.14875464141368866
-0.12543551623821259
-0.10613023489713669
-0.06296269595623016
-0.017226630821824074
0.0831882655620575
0.18826140463352203
0.001316271722316742
-0.17015372216701508
-0.2102811634540558
-0.002131630200892687
0.05431491136550903
-0.002082165563479066
-0.0650196224451065
-0.24177119135856628
0.246072918176651
-0.10267060995101929
0.12526284158229828
-0.012766758911311626
-0.04272818937897682
-0.04070918634533882
0.08606188744306564
0.07463019341230392
-0.053333211690187454
0.0333988182246685
-0.0212766844779253
0.09272217005491257
0.04785715416073799
0.04806848615407944
0.11587032675743103
0.08965474367141724
-0.258542001247406
0.433096706867218
-0.27369287610054016
0.07971712201833725
0.14745259284973145
0.10985305905342102
-0.0646524727344513
0.05185982957482338
0.17424270510673523
-0.10456866025924683
-0.1723717600107193
-0.07606065273284912
0.17350846529006958
-0.43220609426498413
0.09044533222913742
-0.01481720618903637
-0.24071919918060303
0.02402929589152336
-0.15150107443332672
0.03299732878804207
0.13746754825115204
-0.14253415167331696
-0.07757517695426941
0.06872985512018204
0.1547207087278366
0.002924809232354164
-0.20824192464351654
-0.052465517073869705
0.2782427966594696
-0.21135517954826355
0.20761261880397797
0.3457643389701843
-0.29449260234832764
0.31099483370780945
-0.35142233967781067
0.0698356032371521
0.37699124217033386
0.12089819461107254
0.337720662355423
0.20992182195186615
0.04322626069188118
-0.19455379247665405
-0.414238303899765
-0.10612291842699051
0.11769916117191315
-0.018263395875692368
-0.0164304468780756
0.20002181828022003
-0.1350463479757309
0.13993148505687714
-0.3764561116695404
0.15846148133277893
0.19379261136054993
0.25626856088638306
-0.21325811743736267
0.3604380190372467
0.3186255693435669
-0.1400676816701889
-0.06698691099882126
-0.022959304973483086
0.11770154535770416
-0.05979360640048981
0.04316690191626549
0.41196197271347046
-0.010396040976047516
0.17707322537899017
-0.023302892223000526
0.21691513061523438
0.24820064008235931
-0.19149960577487946
0.14313963055610657
0.11655142158269882
0.06942088901996613
0.12642990052700043
0.08318082243204117
-0.21470248699188232
-0.17990334331989288
-0.24090395867824554
-0.059084970504045486
0.2647230625152588
-0.017711155116558075
0.10033772885799408
-0.3323444724082947
0.11987041682004929
0.1108393743634224
-0.0231437049806118
-0.056581415235996246
0.0813092440366745
0.07024159282445908
0.06259521842002869
-0.1724110096693039
0.050647687166929245
0.25234732031822205
0.07661346346139908
-0.05237863212823868
-0.027404094114899635
0.1398029327392578
-0.1897634118795395
0.15587826073169708
-0.06624142825603485
0.08883673697710037
-0.0759277269244194
-0.08526132255792618
-0.00855451263487339
-0.35670870542526245
-0.04434388503432274
0.11244653910398483
0.10055354982614517
0.004945787135511637
-0.18295909464359283
-0.01800423674285412
-0.1206456795334816
0.06278998404741287
-0.16938236355781555
0.10500647872686386
-0.1851305067539215
-0.09810247272253036
0.20691737532615662
-0.05045153200626373
-0.02709987200796604
-0.09179516136646271
-0.2744239270687103
0.19258975982666016
-0.030916133895516396
-0.06985881924629211
0.07759539037942886
0.27274489402770996
-0.14493273198604584
-0.07071317732334137
-0.28902822732925415
0.3233301043510437
-0.07916374504566193
-0.21445944905281067
-0.02385958656668663
-0.05191836133599281
-0.1846424788236618
-0.0027040871791541576
-0.06184928119182587
0.1175418272614479
0.027165981009602547
