-0.13512815535068512
0.2446298599243164
0.17089535295963287
-0.2705039083957672
0.25673434138298035
-0.19489286839962006
0.013866009190678596
0.3555889427661896
-0.20183861255645752
0.15916496515274048
-0.14261479675769806
0.3011285364627838
0.26465824246406555
-0.005679555702954531
-0.04152621328830719
0.2024618238210678
-0.274282842874527
-0.04688959941267967
-0.0039718844927847385
0.1837739199399948
-0.3552541136741638
-0.06901978701353073
-0.2026907056570053
0.0932205468416214
-0.1321684867143631
-0.10572542995214462
0.2296525090932846
0.1045561134815216
0.0986577644944191
0.2657719850540161
0.1533462107181549
0.4366319477558136
0.1719023585319519
0.40879085659980774
0.2542744278907776
-0.09317716956138611
0.06399999558925629
-0.10364344716072083
-0.014118730090558529
0.43030261993408203
0.09372755140066147
-0.44927117228507996
-0.01866668090224266
0.44129490852355957
0.449829638004303
0.19009637832641602
0.4300430417060852
-0.10204634070396423
0.24721616506576538
-0.22207839787006378
0.3714931309223175
0.7030185461044312
-0.2228059619665146
0.539210319519043
-0.5382492542266846
0.27844366431236267
0.5596184134483337
-0.16505660116672516
0.29831844568252563
0.46942567825317383
0.41303113102912903
-0.41681331396102905
-0.6409456729888916
-0.29540273547172546
