-0.105023592710495
0.2716490924358368
-0.25624504685401917
-0.2322029322385788
-0.2707902789115906
-0.5671905279159546
-0.21506938338279724
-0.5473495721817017
0.5765121579170227
0.02578594908118248
-0.42190617322921753
0.2422376126050949
0.5114892721176147
-0.3911116123199463
-0.2907654643058777
-0.12939099967479706
0.10683664679527283
0.08917641639709473
0.2214246392250061
-0.1995857208967209
-0.22717349231243134
-0.060238126665353775
-0.2452012151479721
0.22227166593074799
0.23015788197517395
-0.02651752345263958
-0.08848214894533157
0.17898297309875488
0.13112744688987732
0.1622602790594101
-0.179545059800148
-0.2971378564834595
0.014923946000635624
0.07031895965337753
0.293262779712677
-0.29243776202201843
-0.1108470931649208
0.30324748158454895
-0.2518896460533142
0.11519408226013184
0.10384879261255264
0.514920175075531
0.3349965810775757
-0.10497142374515533
0.36275821924209595
0.10098990797996521
-0.2445993572473526
0.3829036355018616
0.07100623100996017
0.20807351171970367
-0.17791998386383057
-0.5053412914276123
0.13689742982387543
-0.25824764370918274
-0.38801345229148865
-0.3496059477329254
0.31723886728286743
0.10587766021490097
0.027155140414834023
0.09384699165821075
0.15760572254657745
-0.3496805727481842
-0.47021639347076416
-0.04797888919711113
