0.7331308775551028
0.8971096789769547
0.7379715355574932
0.8918874271433171
0.890082463055399
0.669373773767769
0.8758070450011812
1.0
0.7651485838496497
0.7797019674754423
0.7779578622445174
0.8632785068937339
0.7613343004675022
0.8444167578188637
0.7950570072947459
0.7848218483975863
0.6672268103133823
0.7357005917741462
0.7706973608420211
0.5171382763372687
0.5644536589169871
0.6281728113300291
0.5784632160405537
0.5926612731813661
0.3364141775686101
0.6000938400011714
0.45119316311223745
0.3728431726211622
0.5309269207071797
0.3356006437929461
0.7140567151573571
0.3977601223707156
0.44647062908580054
0.4618379154605791
0.22699960586464235
0.27089830010901716
0.40535361973102363
0.36952419727154345
0.36591597892828315
0.27585268091844234
0.0
0.26921306206744894
0.31114849288025404
0.3977529290135095
0.15130950618269265
0.32931557711814397
0.23339405455702567
0.2306496673612243
0.5446259169938119
0.3330700445625818
0.5825383089802011
0.3874303624013694
0.45478239303562984
0.4847398292840552
0.6055079767832278
0.5397664513872041
0.5684473670251406
0.45944972449007593
0.5271320118654623
0.4332199810152229
0.5931467938652152
0.7308881661226156
0.8798366251143028
0.6671414821352648
0.8089518237826147
0.6895586249530412
0.7577691313515924
0.8761492132849007
0.6897982751595507
0.9110514336054962
0.9336572242301631
0.8223608167009242
0.7809061298865305
0.8541723625882257
0.9417000113096444
0.8442762176265337
0.8630043331421829
0.6478206794699073
0.7800401864084784
0.8146182926317107
0.808174762538301
0.7722471135305585
0.7111777817883285
0.7519539375180206
0.6359808738800099
0.8380629285964736
0.6190197055158881
0.643119920498594
0.5737181237967596
0.4825379572922567
0.6615565971415198
0.4054212343764263
0.3710538342822547
0.19879746690950076
0.3813914494727446
0.44035609422347066
0.40250258953326246
0.40295333871096317
0.3495635033527621
0.22974864250754018
0.35373156842129055
0.2889890472492831
0.15912710712423397
0.22524921218028565
0.2190817217072253
0.3835999369779088
0.4919950229236976
0.24455719576355986
0.4592290675525053
0.35846804268765464
0.2672778624918467
0.45158414250165785
0.3581163270097821
0.466960112913426
0.22587011642834418
0.38721744075461384
0.6433512881430381
0.49679173492290857
0.55461051445989
0.41680149763144136
0.6491863573891004
0.7220257351125807
0.6788978595322107
0.8837500777382808
0.7095365523581134
0.6858220287546963
0.702542330154153
0.8154162914712246
