-0.07795092463493347
-0.030073467642068863
-0.27839383482933044
-0.1908634454011917
-0.21149903535842896
0.14186245203018188
-0.2290692925453186
-0.08098414540290833
0.14475896954536438
0.21495558321475983
0.1825483739376068
-0.08611100167036057
0.2876493036746979
-0.12613996863365173
-0.21241655945777893
-0.03741064667701721
0.2569682002067566
0.2897354066371918
0.1954670548439026
0.2600235939025879
0.33053576946258545
-0.04561573266983032
-0.16279615461826324
0.06177142262458801
-0.07160306721925735
0.26745763421058655
-0.19176697731018066
-0.00010267074685543776
-0.029714729636907578
-0.3126905858516693
-0.14852751791477203
0.09418615698814392
-0.23326824605464935
-0.14515487849712372
0.40259721875190735
0.06659684330224991
-0.05082184076309204
0.04322237893939018
-0.0693754181265831
-0.5313588976860046
0.09695635735988617
0.03064887970685959
-0.2086716741323471
0.2956472337245941
-0.3603687584400177
0.2953452169895172
0.09145556390285492
-0.2555443048477173
0.060867760330438614
-0.010088354349136353
-0.20907369256019592
0.08359870314598083
0.27035266160964966
0.40383321046829224
-0.19020088016986847
0.3397569954395294
0.06342579424381256
0.25294753909111023
-0.22217896580696106
-0.018848564475774765
-0.1607598215341568
0.04680180549621582
-0.12041810154914856
-0.3003598153591156
-0.06503558903932571
0.27341049909591675
-0.12757016718387604
-0.23094742000102997
-0.02005937695503235
-0.14732971787452698
0.631197452545166
-0.03772522509098053
0.5311857461929321
0.028299560770392418
0.05705895274877548
0.12382472306489944
0.33826422691345215
-0.34400370717048645
-0.1026020348072052
0.11047831177711487
0.13394871354103088
-0.06288982182741165
0.13810208439826965
0.40025821328163147
-0.25994592905044556
-0.4926038980484009
0.005372603423893452
0.2990158200263977
-0.06638924777507782
-0.1895080804824829
0.1865357756614685
0.005407329648733139
-0.3764079809188843
-0.28128084540367126
0.09024381637573242
0.5876465439796448
-0.020948277786374092
0.08266660571098328
0.2017766684293747
0.16574393212795258
-0.27965596318244934
0.2921772599220276
-0.23758412897586823
-0.5857460498809814
-0.21270525455474854
-0.1846558004617691
0.16310179233551025
-0.17083443701267242
-0.2756355404853821
0.04658035561442375
0.32273805141448975
-0.3268759250640869
-0.06798334419727325
-0.19587314128875732
-0.06259767711162567
-0.13961434364318848
0.12291452288627625
0.3690149486064911
-0.2933233380317688
-0.357409805059433
0.3352433443069458
-0.21007658541202545
0.38245031237602234
-0.23524972796440125
-0.10388775169849396
-0.14651188254356384
0.2508362829685211
-0.32184773683547974
0.1679309904575348
0.2625761926174164
-0.07397694140672684
-0.2660742998123169
-0.06350013613700867
-0.05906206741929054
-0.002565719187259674
0.2648022174835205
-0.0740082785487175
-0.0982900857925415
0.22987580299377441
-0.11057858169078827
0.011781002394855022
-0.16476361453533173
0.15023784339427948
-0.1253676563501358
0.30581533908843994
-0.23200373351573944
0.03707079216837883
0.2930908799171448
0.25964996218681335
-0.24614036083221436
0.14129841327667236
0.24213218688964844
-0.058058079332113266
0.33433130383491516
0.007244527339935303
0.2771575152873993
0.2842353284358978
-0.007084280252456665
0.3133102357387543
0.3064846098423004
0.2393120378255844
0.18741896748542786
-0.17403791844844818
0.25656789541244507
-0.07356756925582886
-0.25247088074684143
-0.337056964635849
-0.31956055760383606
-0.3221491873264313
-0.3687586486339569
-0.034756410866975784
-0.26963162422180176
-0.2525023818016052
0.1600591093301773
0.07677701115608215
0.2786577641963959
0.2367318868637085
0.2073199450969696
0.24249128997325897
-0.19070591032505035
-0.06133052334189415
0.357607364654541
0.3234461843967438
0.17912141978740692
0.33897343277931213
-0.21294952929019928
-0.20987528562545776
0.1214529350399971
0.08188923448324203
-0.12399274110794067
-0.22307373583316803
0.23831109702587128
-0.23374633491039276
0.30683252215385437
0.18830999732017517
-0.21751220524311066
0.30205872654914856
0.18017813563346863
-0.23621875047683716
0.03476053476333618
-0.08211091160774231
-0.15059027075767517
0.2330029308795929
-0.15730240941047668
0.004951149225234985
-0.0003803372383117676
-0.13437990844249725
-0.20409737527370453
0.0021289288997650146
0.10779890418052673
-0.24055877327919006
-0.182700514793396
0.2794528901576996
-0.11642687022686005
0.23070290684700012
0.111483633518219
0.15897420048713684
0.30491021275520325
-0.04449543356895447
0.24506691098213196
-0.003921329975128174
0.03943553566932678
0.2727830111980438
-0.25948211550712585
0.11773907393217087
0.5607153177261353
-0.25498226284980774
0.3038248121738434
-0.3312927782535553
0.49381646513938904
0.492067813873291
0.5016431212425232
0.3580831289291382
0.15533806383609772
0.17417007684707642
-0.44438397884368896
0.10059370845556259
-0.22534321248531342
-0.31904613971710205
-0.24643193185329437
0.08662619441747665
0.07364387065172195
-0.39220988750457764
0.5352603793144226
0.09395395219326019
-0.0016107079572975636
-0.32900717854499817
0.3957819640636444
0.0813072994351387
0.28347018361091614
0.1967245191335678
-0.17460671067237854
-0.4522472023963928
-0.00116368243470788
0.27159562706947327
0.3449716567993164
-0.09011149406433105
-0.3353676199913025
0.2734639048576355
-0.2926054000854492
-0.074299156665802
-0.09958688914775848
0.24016915261745453
-0.39560651779174805
-0.108201764523983
-0.033021558076143265
0.007674656342715025
0.3668234646320343
0.06634187698364258
-0.00018843509315047413
0.2844366133213043
-0.03437962383031845
0.4887933135032654
0.24760928750038147
-0.1407233625650406
0.16468732059001923
0.12584026157855988
-0.058373987674713135
-0.17562566697597504
-0.2542160153388977
0.2489040195941925
0.055678315460681915
0.15349255502223969
-0.055010274052619934
0.47142207622528076
-0.27782195806503296
0.03131267428398132
0.3070400655269623
-0.2936849594116211
-0.027617376297712326
0.33228546380996704
-0.0515136793255806
-0.14914420247077942
-0.3231326639652252
-0.1913582980632782
-0.5706987977027893
0.05122686177492142
-0.02847529947757721
0.1878824234008789
0.16897760331630707
0.18481594324111938
0.3691744804382324
0.08588007837533951
-0.03920561820268631
0.33939647674560547
-0.34061020612716675
-0.1662975549697876
-0.06559117883443832
0.3326948583126068
0.1375340223312378
-0.33479735255241394
0.1768188625574112
0.415542334318161
-0.3227960169315338
-0.21805478632450104
-0.22608770430088043
0.35125532746315
-0.24553996324539185
-0.16034413874149323
-0.09173057973384857
0.06889840215444565
0.07733967900276184
-0.026296671479940414
-0.12487910687923431
-0.027008116245269775
0.23078711330890656
0.26892417669296265
0.2755909562110901
0.10632026940584183
0.2566055953502655
-0.15839643776416779
0.12095180153846741
0.1323203295469284
0.08983025699853897
0.4012552499771118
0.11383972316980362
-0.22433151304721832
0.11637255549430847
0.11861177533864975
0.06250068545341492
0.27071619033813477
0.3954519033432007
0.297732412815094
-0.09260866045951843
-0.20383690297603607
-0.2925834059715271
-0.29620957374572754
0.1405739039182663
0.1762973517179489
0.23146620392799377
-0.34371697902679443
-0.11428980529308319
0.050382524728775024
0.20407460629940033
0.07900986820459366
-0.15039752423763275
-0.04337584972381592
0.23613384366035461
0.2793554365634918
0.13695669174194336
0.2791973054409027
0.004484490025788546
-0.17543700337409973
0.06640872359275818
0.11928233504295349
0.20958057045936584
0.06244347244501114
-0.3174804747104645
0.19807566702365875
0.13996893167495728
-0.0977880209684372
0.33069491386413574
0.3420103192329407
-0.028486520051956177
-0.15842434763908386
0.05233962833881378
-0.13157303631305695
0.16854551434516907
0.29711875319480896
-0.30260059237480164
-0.24375174939632416
0.24626782536506653
0.2599652111530304
0.09530860185623169
-0.28203442692756653
0.3843998610973358
-0.21861238777637482
0.00855565071105957
-0.02117753028869629
0.3111255168914795
0.09776199609041214
0.3665413558483124
0.2679482102394104
0.4044908285140991
-0.13561786711215973
0.1285851150751114
0.7022566199302673
-0.09494439512491226
-0.10023781657218933
0.27640536427497864
-0.19690118730068207
0.11201698333024979
0.15888407826423645
0.4985491931438446
0.17350679636001587
-0.4560365378856659
-0.356535404920578
0.30964168906211853
-0.3461970090866089
-0.36421313881874084
0.16888777911663055
0.28287646174430847
0.23676961660385132
-0.23534440994262695
-0.11058919131755829
0.6061968207359314
0.3203872740268707
0.06308692693710327
0.19547443091869354
-0.3018617033958435
-0.09655338525772095
0.08223769068717957
-0.11873584985733032
-0.31525421142578125
0.054801397025585175
0.3117349445819855
0.057474732398986816
0.10749021172523499
0.20910021662712097
0.12223844975233078
0.26742270588874817
-0.32101190090179443
0.15347187221050262
-0.21287529170513153
0.1796204149723053
0.12432613968849182
0.31425103545188904
-0.3253043591976166
0.15010353922843933
-0.0013476908206939697
-0.25438496470451355
-0.18988199532032013
-0.17967849969863892
-0.19373327493667603
0.3199998438358307
-0.24781116843223572
-0.2959609925746918
0.30789914727211
0.011904500424861908
0.18924209475517273
0.24942287802696228
-0.14125365018844604
0.3072439730167389
0.14092320203781128
0.3280445635318756
0.17574195563793182
0.40589433908462524
0.36529168486595154
-0.3951902687549591
0.13222403824329376
0.5134744048118591
0.23906880617141724
-0.06706009060144424
-0.16113010048866272
0.29691943526268005
-0.12928229570388794
0.23240673542022705
-0.016767388209700584
-0.2136780470609665
0.34898996353149414
-0.10541330277919769
0.16714343428611755
0.32390254735946655
0.2920142710208893
0.0961279422044754
-0.23486410081386566
-0.2959592044353485
-0.06358373910188675
-0.24146991968154907
0.064081110060215
0.09379582852125168
-0.047241054475307465
0.32441338896751404
-0.26633748412132263
-0.1592271625995636
0.3484317362308502
0.5812151432037354
0.5007726550102234
0.3196048140525818
0.48550114035606384
0.02233724109828472
-0.023381318897008896
0.39833295345306396
0.2802078127861023
0.1958789825439453
-0.30491557717323303
-0.28143301606178284
-0.24411259591579437
-0.20349811017513275
0.03443973883986473
-0.13302451372146606
0.06406968832015991
-0.21051068603992462
0.5069713592529297
0.05263780802488327
-0.1392039656639099
-0.07086203992366791
-0.1141894981265068
-0.17635130882263184
0.2764730751514435
-0.08003053069114685
0.025006547570228577
