0.5467655062675476
0.20949621498584747
-0.015729425475001335
0.3300866186618805
0.6041244864463806
0.8887180685997009
0.5342608690261841
0.5084719061851501
0.4934749901294708
-0.020224981009960175
-0.16008993983268738
-0.05444477126002312
0.782103419303894
0.7218910455703735
0.23036815226078033
1.2857108116149902
0.14578092098236084
-0.1692892163991928
0.06709663569927216
0.13288293778896332
-0.24499423801898956
0.014348864555358887
-0.3502267897129059
-0.3002697229385376
-0.1356823593378067
-0.10150376707315445
-0.1750253587961197
0.016621259972453117
-0.06857714056968689
0.056933823972940445
1.3497310876846313
1.2258367538452148
0.4789656698703766
0.7576655745506287
-0.08753535896539688
0.25018396973609924
0.4153485894203186
0.7759646773338318
0.41434454917907715
0.6523721218109131
-0.2407386600971222
-0.03405224531888962
-0.17439840734004974
0.40255206823349
0.46059322357177734
-0.07883640378713608
-0.004175959154963493
-0.31585848331451416
-0.5789639949798584
-0.4016311466693878
-0.8062330484390259
-0.9622624516487122
0.3103414475917816
0.285745769739151
-0.8534491658210754
0.5461973547935486
0.12783832848072052
-0.2526019513607025
-0.0868891030550003
-0.1867416948080063
0.38036826252937317
0.3808104693889618
-0.057185716927051544
0.11810082942247391
0.32368767261505127
0.6594892740249634
-0.2224876880645752
0.3099277913570404
0.7038823962211609
1.022352695465088
0.8840552568435669
0.47279971837997437
0.18752913177013397
0.10674317181110382
-0.47310322523117065
0.15415480732917786
0.3720340132713318
0.48370662331581116
0.5305917859077454
1.2865638732910156
0.16503465175628662
-0.04681820049881935
0.16854238510131836
0.23022112250328064
-0.3615085482597351
-0.25843918323516846
-0.02737574279308319
-0.14419712126255035
0.11292397975921631
-0.08818700164556503
-0.04526796564459801
-0.1490001231431961
0.06100853532552719
-0.02868371270596981
1.139013648033142
0.9201213717460632
0.8371161222457886
0.6683987975120544
0.19045132398605347
0.1626603752374649
0.3590964376926422
0.43794676661491394
0.45029813051223755
0.3140175938606262
-0.4538879096508026
-0.14781348407268524
-0.22268471121788025
0.5765045881271362
0.5034602880477905
-0.04032587632536888
0.20896071195602417
-0.13187925517559052
-0.47583842277526855
-0.24857284128665924
-0.7507694959640503
-0.8041856288909912
0.16226734220981598
0.5311320424079895
-0.802645206451416
0.5006475448608398
-0.01750359870493412
-0.0757407695055008
-0.24112316966056824
-0.4338732659816742
0.38221535086631775
0.2035485804080963
-0.041709017008543015
0.15875475108623505
