0.08357998728752136
0.0804232582449913
0.015354101546108723
0.18258854746818542
0.0862075611948967
-0.008184198290109634
0.03062906675040722
0.029039010405540466
0.04187262803316116
-0.028140708804130554
0.03599805757403374
0.044537290930747986
-0.016750739887356758
-0.013275814242661
0.04151209816336632
0.18971754610538483
0.09474416077136993
0.12463197112083435
0.06886302679777145
0.03139438107609749
-0.037202782928943634
-0.009501717984676361
-0.039793163537979126
-0.006883697118610144
-0.020655963569879532
0.030979353934526443
-0.02023717202246189
-0.005575150717049837
-0.03820919990539551
0.06717387586832047
-0.04569542035460472
0.07073633372783661
