-0.08620577305555344
0.22581608593463898
-0.18537762761116028
0.4597291648387909
-0.026446066796779633
0.19845637679100037
-0.37914812564849854
0.06749402731657028
0.16023415327072144
-0.34698814153671265
0.13817106187343597
0.4799220561981201
-0.15988726913928986
-0.34895050525665283
0.3220439553260803
0.2601472735404968
0.29331615567207336
0.3687916696071625
0.0539921373128891
-0.09440679103136063
0.46474507451057434
-0.13386456668376923
0.03620675951242447
0.2336919903755188
-0.13346178829669952
0.3674243688583374
0.2275501787662506
0.3968372344970703
-0.3297616243362427
0.40670046210289
-0.047650210559368134
-0.3916280269622803
0.2576301097869873
0.37047314643859863
0.46898114681243896
-0.1826522797346115
-0.1846829354763031
-0.12007510662078857
0.3268009126186371
-0.39908257126808167
0.08424091339111328
-0.0494927242398262
0.3181755542755127
-0.17001432180404663
-0.29283764958381653
0.3565388023853302
-0.22489440441131592
-0.15957431495189667
0.3151225447654724
0.12339552491903305
-0.07005317509174347
0.40768441557884216
-0.16071034967899323
-0.2172558754682541
0.18886606395244598
0.33401620388031006
-0.055650558322668076
-0.1932433396577835
-0.22635559737682343
0.2503669261932373
0.18913258612155914
0.36236706376075745
0.45674532651901245
-0.1737348884344101
0.3439975380897522
0.019997278228402138
0.4009438157081604
0.2814643979072571
0.20600685477256775
0.24054361879825592
0.352485328912735
0.11091206967830658
-0.33197277784347534
0.2845107316970825
0.3469225764274597
-0.039128441363573074
-0.07822037488222122
0.014149552211165428
0.3336908519268036
0.006637315731495619
-0.37333768606185913
0.5182313323020935
-0.33431124687194824
0.028416074812412262
-0.19131949543952942
-0.2692202925682068
-0.10042616724967957
0.40503403544425964
0.2578553855419159
-0.12669256329536438
-0.3745494782924652
0.3155890107154846
0.27160724997520447
0.009697065688669682
-0.04931673780083656
0.1816800981760025
-0.127572163939476
-0.10669446736574173
0.10611635446548462
-0.10792767256498337
0.4527629315853119
-0.17170870304107666
0.281264066696167
-0.23419524729251862
-0.25896549224853516
0.014555064961314201
0.222124844789505
0.1526065319776535
0.05625150352716446
0.18283578753471375
-0.010049642063677311
0.08590756356716156
0.26058825850486755
0.07858186960220337
0.4540075361728668
-0.024464240297675133
0.018635820597410202
0.047941625118255615
0.16712914407253265
-0.14008508622646332
0.32490357756614685
0.07253420352935791
0.029159829020500183
0.0393625944852829
-0.31767091155052185
0.003019156167283654
0.13720868527889252
0.017194513231515884
-0.11046485602855682
-0.04630814492702484
0.16753308475017548
-0.12180808931589127
0.46421822905540466
-0.23073312640190125
0.17436520755290985
-0.45548495650291443
-0.03779292106628418
0.1765330284833908
0.44518545269966125
-0.2057798206806183
-0.1814611256122589
0.4381028711795807
-0.24500633776187897
0.24865345656871796
0.1896662563085556
0.2844291627407074
0.294646680355072
-0.23090513050556183
-0.16204188764095306
-0.09837642312049866
-0.23956596851348877
-0.20530028641223907
0.15507201850414276
0.0834570974111557
-0.3740536570549011
0.41389843821525574
-0.14287948608398438
-0.028352372348308563
-0.35203924775123596
-0.04599963501095772
0.35135456919670105
0.13842761516571045
0.3467215299606323
0.2712756097316742
0.29992273449897766
-0.17252573370933533
0.038276974111795425
-0.34167540073394775
0.09979480504989624
0.16323180496692657
0.39500826597213745
-0.1998853236436844
0.07933106273412704
0.2814311683177948
0.00608389126136899
0.2971128225326538
0.2708786129951477
0.2768232226371765
0.2731623947620392
0.32040703296661377
0.5340361595153809
0.09169802814722061
0.057823553681373596
0.014290533028542995
0.06347247958183289
0.4881136119365692
0.026838243007659912
-0.06326261907815933
0.3212393820285797
0.49725133180618286
-0.27429065108299255
-0.37386998534202576
0.08167804777622223
-0.27477309107780457
0.17997194826602936
-0.312301903963089
0.3205960988998413
0.07720080018043518
-0.24807612597942352
-0.33465051651000977
-0.27129438519477844
-0.1604098379611969
0.26640719175338745
-0.289970338344574
0.20855244994163513
0.23070409893989563
-0.06868097931146622
-0.010624739341437817
-0.2333734631538391
0.18609380722045898
0.03998672589659691
-0.3102063536643982
0.027772750705480576
0.04010012745857239
0.2915968894958496
0.015255817212164402
-0.0421181246638298
-0.2354111671447754
0.20832626521587372
0.08594798296689987
0.08477535843849182
0.22033406794071198
0.3445722162723541
0.12380652874708176
0.04008503258228302
-0.03189689293503761
0.16881611943244934
-0.2990227937698364
0.26497113704681396
-0.1375788152217865
0.2881648540496826
-0.03138626366853714
-0.3279397487640381
0.4638499915599823
-0.2484503835439682
0.13306179642677307
-0.2436230480670929
0.3789502680301666
0.3307965397834778
-0.03365065157413483
-0.10169755667448044
-0.12493289262056351
-0.23109936714172363
0.08593429625034332
-0.3065127432346344
-0.25724077224731445
0.07834211736917496
0.592974066734314
-0.04983295500278473
-0.16033758223056793
-0.2762913405895233
0.4309583902359009
-0.2568041980266571
-0.4516494870185852
0.492930144071579
0.0460980087518692
0.08417265862226486
0.36024540662765503
0.22959645092487335
-0.1796971559524536
0.25491267442703247
0.2525337040424347
0.0713421106338501
0.37579837441444397
-0.22824333608150482
0.27013513445854187
0.3332200050354004
0.19550757110118866
0.21912744641304016
-0.09132879972457886
-0.025259027257561684
-0.15353702008724213
-0.3858082890510559
0.2135610282421112
0.08204027265310287
-0.2166706621646881
0.2233312875032425
0.18612046539783478
-0.12715530395507812
0.5658985376358032
-0.363813191652298
-0.24960583448410034
-0.0066836257465183735
-0.11698336154222488
0.18213710188865662
0.10888345539569855
0.3597104549407959
-0.11310965567827225
0.32375285029411316
0.3888481557369232
0.21990039944648743
-0.2244049608707428
0.35311827063560486
-0.17566195130348206
0.15934619307518005
0.26627036929130554
0.3146325647830963
0.23291891813278198
-0.005467112176120281
0.24043162167072296
0.08564811199903488
0.18335264921188354
0.2553190588951111
0.28710275888442993
0.03779231756925583
-0.018263287842273712
0.48812800645828247
0.19923701882362366
0.3116939067840576
0.1531066596508026
-0.13889038562774658
-0.31202834844589233
-0.07540670037269592
-0.14819832146167755
0.3090208172798157
-0.07515357434749603
0.21210500597953796
0.029343733564019203
0.010657231323421001
-0.23385456204414368
0.25354766845703125
-0.1692127287387848
-0.13816089928150177
0.08805236220359802
0.2616722285747528
-0.18211686611175537
0.0710236132144928
-0.18175990879535675
-0.043945468962192535
-0.30566391348838806
0.01731695793569088
-0.07794252783060074
-0.32240667939186096
0.0037319324910640717
-0.02700020559132099
-0.2831089198589325
-0.4127195179462433
-0.1068802997469902
-0.1545514613389969
-0.362251877784729
-0.12390127032995224
0.1762603223323822
0.08035445958375931
0.03335636481642723
-0.21023669838905334
0.055975280702114105
0.0799393504858017
0.3547617197036743
0.04308149218559265
0.04359566420316696
0.22877085208892822
-0.05233437567949295
-0.30699488520622253
-0.060651350766420364
0.08005484193563461
-0.06017828732728958
-0.14985236525535583
-0.19223278760910034
-0.030201556161046028
-0.06093860790133476
0.2586733400821686
0.21822567284107208
-0.3453356623649597
-0.28565531969070435
-0.14672844111919403
-0.19776000082492828
0.005833775736391544
0.038767341524362564
-0.3268510103225708
0.3513169586658478
-0.17129071056842804
0.29330015182495117
0.26709944009780884
0.07625478506088257
0.10912860184907913
-0.27863964438438416
-0.15704573690891266
0.025659816339612007
-0.35528284311294556
-0.33992063999176025
-0.24754707515239716
-0.29329973459243774
0.050993628799915314
0.20896001160144806
0.2425115406513214
-0.031126540154218674
0.31462591886520386
-0.12459117919206619
-0.3326098620891571
0.26556697487831116
0.3055666387081146
-0.12585243582725525
0.18065115809440613
-0.23614445328712463
-0.019334012642502785
-0.11699577420949936
0.22791287302970886
-0.19260099530220032
-0.0568363182246685
-0.042693208903074265
0.13271859288215637
0.27025482058525085
0.3908237814903259
-0.0520474836230278
0.4492928087711334
0.1310594528913498
0.21059033274650574
-0.24940158426761627
0.11113372445106506
-0.19193866848945618
-0.1806522160768509
0.2171894609928131
-0.37134110927581787
0.5087321400642395
0.2829481065273285
0.24222390353679657
0.26603370904922485
-0.15224036574363708
0.17829398810863495
0.24334529042243958
0.3021196126937866
-0.17056627571582794
-0.08647753298282623
-0.10581580549478531
0.25074514746665955
0.1405058056116104
0.19228188693523407
-0.1321486532688141
-0.043612539768218994
0.014450661838054657
-0.12504541873931885
0.23322822153568268
0.11474388092756271
-0.32425177097320557
-0.14512503147125244
0.04092392325401306
-0.3099987208843231
-0.3342360556125641
-0.26664087176322937
0.05298414081335068
0.1515531688928604
-0.08338356763124466
-0.10181102156639099
0.05834176391363144
-0.22359594702720642
-0.251564085483551
0.058177024126052856
-0.26898127794265747
0.12541338801383972
-0.26427432894706726
0.2252959907054901
-0.31198397278785706
-0.023198582231998444
0.25559720396995544
0.07027591019868851
0.0660579726099968
0.20289775729179382
-0.06563334912061691
0.3513738811016083
-0.12223146855831146
-0.146900475025177
-0.06664808839559555
0.12534530460834503
-0.17627927660942078
0.17673783004283905
0.014882110990583897
-0.08959518373012543
0.10392618924379349
0.17979760468006134
-0.28445494174957275
0.27740561962127686
0.09571884572505951
0.3086046874523163
0.23325251042842865
0.36006370186805725
-0.1852193921804428
-0.12904411554336548
0.29950156807899475
0.36811313033103943
0.1042371392250061
-0.17665347456932068
-0.09580555558204651
-0.127061665058136
0.0970810279250145
0.1937296986579895
-0.07691708207130432
0.11918955296278
-0.18229515850543976
-0.16620424389839172
0.22241787612438202
0.3290901482105255
-0.2675943672657013
0.1130831241607666
0.11261732876300812
-0.15497922897338867
-0.08044568449258804
-0.017335567623376846
0.35121628642082214
0.3021611273288727
-0.24779190123081207
0.13850511610507965
0.040092818439006805
-0.0017966364976018667
0.48414915800094604
0.0694786086678505
0.17745250463485718
0.24343208968639374
-0.1115221232175827
-0.1787826418876648
0.05299922823905945
0.05392622947692871
-0.1331462562084198
