-0.028669843450188637
0.0822165235877037
0.020215848460793495
-0.04464872181415558
0.0
0.08452436327934265
0.1859121471643448
0.10752736777067184
0.15789437294006348
0.1519036889076233
-0.040209874510765076
-0.11915767937898636
0.2209131419658661
0.04617287591099739
0.009957117959856987
-0.03497343510389328
0.02049136348068714
-0.029640842229127884
-0.04714334383606911
-0.004086031578481197
0.041180603206157684
0.023970549926161766
-0.009830940514802933
0.10693667083978653
-0.001669428776949644
-0.006939566228538752
-0.08831916004419327
-0.009202083572745323
0.021601835265755653
-0.016748523339629173
0.0
0.23564982414245605
