0.6970770359039307
-0.2344619482755661
-0.21134045720100403
0.03374182805418968
-0.4941413402557373
0.9773467183113098
-0.3900524377822876
-0.19190673530101776
-0.5112701058387756
0.26647964119911194
-0.455431193113327
-0.4439234733581543
0.04233688861131668
0.04248889163136482
-0.32125717401504517
0.5690690279006958
-0.04610553756356239
0.2168315351009369
-0.227519229054451
-0.40744003653526306
0.2014792561531067
0.5290569067001343
0.2572955787181854
-0.000987401232123375
-0.023034311830997467
-0.39493587613105774
0.0830376148223877
0.04231802001595497
0.21688897907733917
-0.40539130568504333
-0.29463934898376465
0.14344638586044312
