0.6716601252555847
0.31990668177604675
-0.30321624875068665
-0.11032675951719284
-0.05937090143561363
-0.024622542783617973
0.2694026529788971
0.17895084619522095
0.19797919690608978
0.4634869396686554
0.22661136090755463
0.2775079309940338
0.35235297679901123
-0.4877012372016907
0.026920845732092857
-0.06714769452810287
0.07451775670051575
-0.17469415068626404
0.1371568739414215
0.026601869612932205
0.042279262095689774
-0.026005834341049194
0.03535925969481468
-0.10130393505096436
0.29590028524398804
-0.12287992984056473
-0.11340029537677765
-0.08172186464071274
0.3910498023033142
-0.09487362951040268
-0.0013367253122851253
-0.2458631992340088
-0.15072497725486755
0.09929376095533371
0.001918836496770382
-0.00804400909692049
-0.0997377336025238
0.015130695886909962
-0.03654882684350014
-0.09348659962415695
-0.2440456748008728
-0.18481270968914032
-0.22145330905914307
-0.10427039861679077
0.09112351387739182
0.047144364565610886
-0.21292760968208313
-0.044034551829099655
-0.014535712078213692
0.13911019265651703
0.017219098284840584
-0.0768338292837143
0.0035969989839941263
0.05212298035621643
-0.1580340564250946
-0.2494327872991562
0.22371536493301392
0.19441509246826172
-0.10557552427053452
0.04192075505852699
-0.06372169405221939
-0.12681159377098083
-0.10375233739614487
0.01814821921288967
0.05960877239704132
-0.20804058015346527
-0.2130880504846573
-0.3729272186756134
0.1307400017976761
0.05153202265501022
-0.11187983304262161
0.22866971790790558
-0.21069487929344177
0.1783485859632492
0.3508451282978058
-0.46598005294799805
-0.2366575002670288
-0.23087932169437408
-0.027807222679257393
0.0015412010252475739
-0.13303306698799133
-0.035759564489126205
-0.2202451378107071
0.008412003517150879
-0.10170278698205948
-0.026455122977495193
-0.20100583136081696
-0.4552248418331146
0.017922651022672653
-0.35834431648254395
-0.12074428051710129
0.07798673212528229
-0.21629339456558228
-0.3398876190185547
-0.3823990821838379
-0.022627292200922966
0.0065650781616568565
0.1713005006313324
0.0435655377805233
-0.23084890842437744
-0.08214005827903748
0.03182511404156685
-0.08458159863948822
0.02488550916314125
0.07686348259449005
0.08969470858573914
-0.041239071637392044
0.25959619879722595
0.23938724398612976
0.03861253336071968
-0.1917882263660431
-0.04908761382102966
-0.39632052183151245
-0.054965440183877945
0.03658907487988472
-0.41098806262016296
0.10793136805295944
-0.20895619690418243
-0.45094922184944153
-0.3402717113494873
-0.24560053646564484
-0.10391303151845932
-0.16771826148033142
0.015287185087800026
-0.18868593871593475
-0.04258984699845314
-0.369099497795105
0.37823131680488586
0.16732099652290344
-0.029429886490106583
-0.300515741109848
-0.2948632538318634
0.5431180000305176
0.425138384103775
-0.27895665168762207
0.2046101838350296
-0.02475968934595585
-0.1386544108390808
0.4657456576824188
0.07356330007314682
0.5568563342094421
-0.1857556849718094
-0.44577258825302124
0.3574906289577484
-0.22775907814502716
-0.3001554310321808
0.45405885577201843
0.44961193203926086
-0.21635250747203827
0.6155309081077576
0.33309242129325867
0.991930365562439
-0.5825429558753967
-0.4634494185447693
0.24712704122066498
-0.13779477775096893
-0.6651582717895508
0.4485957622528076
0.4429091513156891
-0.06365084648132324
-0.36595258116722107
-0.0407537966966629
0.03430406004190445
-0.07203637808561325
0.2408112734556198
-0.1011614054441452
-0.02039816416800022
-0.006020649336278439
-0.03777530789375305
-0.02910042740404606
0.34583166241645813
-0.3134235441684723
-0.2685701847076416
-0.14719095826148987
0.16412150859832764
0.052398473024368286
-0.05818675458431244
-0.27226218581199646
-0.060972150415182114
0.09700041264295578
0.17594847083091736
0.06830320507287979
0.2525969445705414
-0.06873594224452972
-0.19544048607349396
-0.3206528127193451
0.06600787490606308
-0.05982530117034912
-0.4995225965976715
0.13488343358039856
0.11996608227491379
-0.35763511061668396
0.24371835589408875
-0.03685780242085457
-0.09534552693367004
-0.09482110291719437
0.15066517889499664
-0.053819041699171066
0.06174653396010399
-0.019290762022137642
-0.19005218148231506
-0.047147367149591446
0.1544075459241867
-0.061492469161748886
-0.17942070960998535
-0.09229347854852676
-0.21351513266563416
-0.03699560835957527
-0.18258820474147797
-0.09018533676862717
-0.2082260251045227
-0.1573861986398697
-0.005824942607432604
-0.043598417192697525
-0.15917783975601196
-0.34389522671699524
0.3268513083457947
0.27915945649147034
0.05053795129060745
0.17111694812774658
0.13832144439220428
-0.0157903041690588
-0.19470788538455963
0.17028574645519257
-0.12437114119529724
0.16694985330104828
0.19350150227546692
-0.06113919988274574
0.07548404484987259
-0.10749697685241699
0.05151563137769699
-0.33766618371009827
-0.0405845120549202
0.2206282615661621
0.334976464509964
0.22771649062633514
0.04847393184900284
-0.02418612875044346
-0.04720444604754448
0.23648694157600403
0.03829572722315788
-0.14248554408550262
0.1497679352760315
0.03633931651711464
-0.16766922175884247
0.08953628689050674
-0.18710972368717194
0.0955212339758873
-0.01731131039559841
0.015632109716534615
0.06480371206998825
0.027711864560842514
-0.009151914156973362
-0.04855247214436531
0.050983916968107224
0.12941700220108032
-0.10274208337068558
-0.27834460139274597
-0.030368424952030182
0.15030106902122498
-0.34827619791030884
0.07636371999979019
0.3004915714263916
0.3510790765285492
-0.09312399476766586
0.002319254446774721
-0.3303936719894409
-0.10632850229740143
-0.17453454434871674
0.12902230024337769
0.22351856529712677
-0.26547399163246155
-0.005306748673319817
0.00744094280526042
0.06973668932914734
-0.06200387328863144
-0.04703601077198982
0.4323180615901947
0.1287776380777359
0.14139272272586823
-0.06379172950983047
0.17459578812122345
-0.2104942500591278
0.14790046215057373
0.09243723750114441
-0.08830603957176208
0.20128943026065826
-0.26918667554855347
0.04080723971128464
0.19355995953083038
-0.0738082081079483
0.02986772544682026
-0.10575306415557861
-0.21360665559768677
-0.2631573975086212
-0.0221908800303936
-0.026601431891322136
-0.30126771330833435
-0.13720355927944183
-0.17243081331253052
0.10096985846757889
-0.36634042859077454
-0.1677113026380539
0.21923255920410156
-0.007035986520349979
0.37805619835853577
-0.017130888998508453
-0.4073377847671509
0.25344163179397583
-0.2653099596500397
-0.2769671678543091
-0.4041179120540619
0.054005153477191925
0.15237925946712494
0.31901606917381287
0.16311247646808624
0.08747304230928421
-0.40339207649230957
-0.5969904065132141
0.07619285583496094
0.29534924030303955
0.021967889741063118
-0.38672304153442383
0.3156169652938843
0.2740967869758606
0.19624076783657074
0.02556702494621277
0.056872036308050156
0.06268955767154694
-0.05773952975869179
0.07909268885850906
0.09615746140480042
0.092150017619133
-0.016745734959840775
0.12380842864513397
-0.19499166309833527
0.43268251419067383
0.4093351662158966
-0.0008724054787307978
-0.30652210116386414
0.09957175701856613
-0.2864723205566406
0.0001197858655359596
-0.3399371802806854
0.22122253477573395
-0.2566930949687958
0.2062704712152481
0.28541556000709534
0.32370850443840027
-0.27939045429229736
-0.4506499469280243
0.3980087637901306
0.11767447739839554
0.049117561429739
-0.11661776900291443
-0.5117764472961426
0.09927402436733246
-0.08532451093196869
-0.14935767650604248
-0.2408202886581421
0.2730710804462433
0.021929418668150902
0.07800956815481186
0.2229398787021637
0.22560708224773407
-0.014712654054164886
-0.23140859603881836
0.22063620388507843
0.4778193235397339
0.5768998265266418
-0.19055849313735962
-0.3442479968070984
0.4392116963863373
-0.17212733626365662
-0.43564584851264954
-0.21871227025985718
0.2571113705635071
0.31601351499557495
0.48336002230644226
0.5028210878372192
0.4547595679759979
-0.017699722200632095
-0.30304276943206787
0.1149747297167778
-0.07903003692626953
-0.26667171716690063
-0.04975336790084839
0.25592103600502014
-0.049857694655656815
0.24577146768569946
0.18176065385341644
0.4402605891227722
-0.07711579650640488
-0.1503819078207016
0.057849474251270294
-0.22127054631710052
-0.4590727984905243
0.15739837288856506
0.2490379512310028
-0.3860803544521332
-0.1947399377822876
-0.2838608920574188
-0.07624101638793945
0.09915268421173096
0.009168848395347595
0.09570075571537018
0.03987481817603111
0.4176144003868103
-0.20123668015003204
-0.1173810288310051
0.2838984727859497
-0.12195025384426117
0.004522986244410276
0.006566925439983606
0.15449321269989014
-0.06527240574359894
0.1438424289226532
-0.32172349095344543
-0.02908123843371868
0.2289646714925766
-0.09616371244192123
-0.024255599826574326
0.06550456583499908
0.38131457567214966
-0.1450299322605133
0.20589277148246765
0.08370022475719452
0.021963419392704964
0.07656230032444
0.08110342919826508
0.224130317568779
-0.15468278527259827
-0.0016216913936659694
-0.32099124789237976
-0.022870909422636032
0.21402916312217712
0.13580438494682312
-0.01868821680545807
0.31151315569877625
0.18259651958942413
-0.06298569589853287
-0.24700793623924255
-0.133370503783226
-0.23829884827136993
-0.21779827773571014
0.054954349994659424
-0.018589884042739868
-0.4465773105621338
-0.05573970824480057
-0.04555002972483635
-0.356951504945755
0.12589161098003387
0.0023799038026481867
-0.1950332224369049
-0.07056022435426712
0.12819133698940277
-0.02312553860247135
-0.032067809253931046
-0.006572244688868523
0.11404357850551605
-0.11015579849481583
0.16394256055355072
0.08046801388263702
0.034972067922353745
0.19659149646759033
0.18167096376419067
0.08793369680643082
-0.07634146511554718
0.08951297402381897
-0.019741909578442574
-0.31958064436912537
-0.3228173553943634
-0.21803101897239685
0.41712063550949097
-0.17222587764263153
0.4072757065296173
0.06626571714878082
0.02138376422226429
-0.31341639161109924
0.23694957792758942
0.20503278076648712
0.13997985422611237
-0.3290157616138458
-0.12784543633460999
0.12140731513500214
-0.1934192180633545
-0.2839367091655731
-0.1151740550994873
0.28352633118629456
0.2290719896554947
0.32885149121284485
0.28980588912963867
0.1937430202960968
-0.2093506008386612
-0.3703962564468384
0.4189956784248352
-0.06976178288459778
0.08462745696306229
-0.29757606983184814
-0.12517978250980377
-0.055996961891651154
0.2087448239326477
0.059640564024448395
-0.06468819081783295
-0.18604837357997894
-0.2349976748228073
-0.07816474884748459
0.059555280953645706
-0.020412631332874298
-0.07338077574968338
0.11574621498584747
-0.11545403301715851
0.19945687055587769
-0.04422340542078018
-0.11543995141983032
-0.0016479280311614275
-0.07478443533182144
0.1955365240573883
0.0854165256023407
0.2840901017189026
-0.1006060242652893
0.23966102302074432
-0.23351188004016876
-0.0016036994056776166
-0.07149925082921982
-0.16038255393505096
0.16859257221221924
-0.16209256649017334
0.3761964440345764
0.012138508260250092
-0.12686555087566376
-0.12903448939323425
0.03370426222681999
-0.19922970235347748
0.0692896768450737
-0.18712568283081055
0.09577064961194992
-0.0963548794388771
0.1449871063232422
0.009741244837641716
0.27613088488578796
-0.025372767820954323
0.2097693830728531
-0.08207736164331436
-0.19993726909160614
-0.11595021188259125
-0.04669632017612457
-0.1392306089401245
0.23000586032867432
-0.026393083855509758
-0.053091734647750854
-0.021999850869178772
-0.13110949099063873
-0.35810813307762146
-0.21853990852832794
-0.1489337533712387
0.09514237940311432
-0.024452118203043938
0.1672772318124771
0.018422987312078476
-0.04256994277238846
0.052995000034570694
0.18239402770996094
-0.13431265950202942
-0.043144308030605316
-0.09815941751003265
0.017718324437737465
-0.20181050896644592
-0.14724357426166534
-0.018803795799613
0.19193264842033386
0.19630210101604462
-0.14883288741111755
-0.10358638316392899
-0.348427414894104
0.23012255132198334
0.15533404052257538
0.3959096372127533
-0.2695538103580475
-0.37787890434265137
0.30626118183135986
-0.22249694168567657
-0.12433301657438278
-0.15465427935123444
0.29507479071617126
0.2974766790866852
0.3333214521408081
0.4850798547267914
0.5508986711502075
-0.35865145921707153
-0.18965265154838562
0.06595956534147263
-0.29741960763931274
-0.23711633682250977
-0.09782221913337708
-0.03612254932522774
-0.17652863264083862
-0.2743728756904602
0.017793195322155952
-0.4400826096534729
-0.15614944696426392
-0.8830212354660034
0.0024868061300367117
-0.21966901421546936
-0.2871449887752533
-0.14797869324684143
-0.2640717327594757
-0.045300163328647614
-0.0944717675447464
-0.02274445816874504
-0.12137839198112488
0.13719244301319122
0.07630351185798645
-0.01970501057803631
-0.03937613219022751
-0.09495129436254501
-0.08611840754747391
0.19828125834465027
-0.17756503820419312
-0.08096525818109512
-0.040209077298641205
-0.015864161774516106
-0.22540386021137238
0.1561945229768753
-0.03131541982293129
-0.1510584056377411
-0.017411766573786736
-0.3202199935913086
0.09003470093011856
-0.11258170753717422
0.13332761824131012
-0.03535214811563492
0.002772959880530834
-0.29162001609802246
-0.15584327280521393
0.24170316755771637
-0.14833027124404907
-0.15072101354599
-0.07405678927898407
0.31062641739845276
-0.03878044709563255
-0.15524424612522125
0.07191873341798782
-0.10402551293373108
-0.2368880808353424
0.06443607062101364
0.3408622145652771
0.1939702183008194
-0.10601335763931274
0.36411911249160767
-0.02975507453083992
-0.007142643444240093
-0.12860427796840668
0.1299104392528534
0.11693297326564789
-0.2842772305011749
0.3674878776073456
0.4603792428970337
-0.27515432238578796
-0.2469143122434616
0.4087914228439331
-0.09616854041814804
-0.15049168467521667
0.12691086530685425
0.27356046438217163
0.06309299916028976
0.22632518410682678
0.009385274723172188
0.31644847989082336
-0.0667419508099556
-0.15011176466941833
0.42473095655441284
0.5123507976531982
0.5503496527671814
-0.4366382658481598
-0.23391903936862946
0.1615103781223297
-0.17918144166469574
-0.30728888511657715
-0.28751206398010254
0.39365196228027344
0.004500737413764
0.29013487696647644
0.3498386740684509
0.5886727571487427
-0.3308432400226593
-0.20708347856998444
0.17128321528434753
-0.04427807778120041
0.06747238337993622
-0.10071741044521332
-0.1277659684419632
-0.04497167468070984
-0.037278611212968826
0.12462946772575378
0.200687974691391
0.019862011075019836
0.16262993216514587
0.2325444519519806
0.032591596245765686
-0.08255983889102936
0.028120722621679306
0.29923561215400696
0.12848062813282013
0.239686518907547
0.28072038292884827
-0.11375780403614044
-0.24558383226394653
0.07543887943029404
-0.21385490894317627
-0.08375220000743866
-0.01603532023727894
0.5046916604042053
-0.013443590141832829
-0.04644705727696419
0.39382055401802063
-0.10685750842094421
-0.17885038256645203
-0.1607401818037033
0.11010365188121796
-0.20323669910430908
0.03874465078115463
-0.0235361959785223
-0.04655082896351814
-0.05967501923441887
0.1643827110528946
-0.1124262809753418
-0.039072491228580475
-0.11065974086523056
0.08061880618333817
-0.018648456782102585
-0.11149882525205612
-0.250656396150589
-0.19652202725410461
-0.1911526918411255
-0.044326115399599075
-0.07500496506690979
-0.05909542739391327
0.2726747393608093
-0.029658779501914978
0.397591233253479
0.07554257661104202
0.0002854566555470228
-0.38068994879722595
0.06358639150857925
0.05507359653711319
0.0751025602221489
0.12864570319652557
-0.061944782733917236
-0.21565154194831848
-0.15220606327056885
0.35134318470954895
0.38103988766670227
0.3602254390716553
-0.5152304768562317
-0.2235090434551239
0.07352308928966522
0.2953639030456543
-0.12832394242286682
-0.09854358434677124
-0.04151763394474983
-0.04136883467435837
0.30376875400543213
0.24687907099723816
-0.05790329352021217
-0.11940218508243561
-0.21726039052009583
0.48279517889022827
0.058764372020959854
0.15866607427597046
0.033503394573926926
-0.11476276814937592
0.12268248945474625
0.281671404838562
0.029828539118170738
0.17377766966819763
0.15104441344738007
0.17868952453136444
-0.18460722267627716
0.04020683467388153
-0.01125072967261076
0.05174996703863144
0.03389995917677879
0.024509860202670097
-0.0001450718700652942
0.15754245221614838
0.18941284716129303
0.10443878918886185
-0.11704114079475403
-0.05039293318986893
0.08420601487159729
-0.005440111737698317
-0.0027000003028661013
0.21750682592391968
0.09319759160280228
0.044722363352775574
0.450254887342453
0.08653544634580612
-0.004563161171972752
-0.20257893204689026
0.06665633618831635
-0.25555118918418884
0.07234799861907959
0.03140779212117195
0.0757419615983963
0.005643116310238838
0.1496327668428421
0.46191003918647766
0.104933001101017
0.24073006212711334
-0.06790367513895035
0.013817599974572659
-0.07811657339334488
0.05255049839615822
0.24399136006832123
-0.34251779317855835
-0.019094424322247505
0.2873081862926483
-0.07768028974533081
-0.1540987640619278
-0.019579600542783737
0.046755798161029816
0.19162727892398834
-0.1776544153690338
0.13250160217285156
0.1433110386133194
-0.06596977263689041
-0.024891000241041183
0.12988919019699097
-0.2709309458732605
0.25954464077949524
-0.08485700190067291
0.04675738885998726
0.3498433828353882
-0.019279496744275093
-0.0194688867777586
0.16582010686397552
-0.09443836659193039
0.13014842569828033
0.10827091336250305
0.36532098054885864
0.11826813220977783
0.21198418736457825
0.013630880042910576
0.049929264932870865
-0.025535525754094124
-0.23590975999832153
-0.10998768359422684
0.27126067876815796
0.0891515389084816
-0.012222008779644966
-0.036059942096471786
0.2786869704723358
-0.07978664338588715
0.13807959854602814
0.1650770604610443
0.08166874945163727
0.3887004554271698
0.2043394148349762
0.2234402894973755
0.2381887435913086
-0.02857949584722519
0.08367472887039185
0.40105968713760376
0.11866459250450134
0.06726419925689697
-0.03366253525018692
0.2217026948928833
-0.0656498447060585
0.16277571022510529
0.37800320982933044
0.05598749592900276
0.3313080370426178
0.36712130904197693
0.07120440900325775
-0.1551816314458847
0.14044055342674255
-0.17808322608470917
0.0070051406510174274
0.015006068162620068
0.2107715606689453
0.24346505105495453
-0.3319680988788605
-0.37649816274642944
0.32860586047172546
-0.14464889466762543
0.22426345944404602
-0.09128628671169281
0.2085733264684677
0.0927325114607811
0.11595014482736588
0.13236993551254272
0.23344692587852478
0.08770004659891129
-0.09901946783065796
0.2683914303779602
0.14301002025604248
0.01761510968208313
0.2497996836900711
0.2249591052532196
-0.32667914032936096
-0.2986535131931305
0.11590730398893356
-0.02699248120188713
-0.012585199438035488
0.22762657701969147
-0.1498999297618866
-0.20343096554279327
0.17339260876178741
-0.18807300925254822
0.44448122382164
-0.17886397242546082
0.10678818076848984
-0.058927230536937714
0.1368059664964676
0.1621652990579605
-0.21813946962356567
0.03913773223757744
0.3807070255279541
0.06275873631238937
0.12343915551900864
0.11711980402469635
-0.06740977615118027
0.05416450276970863
0.026012148708105087
0.13820600509643555
0.28652799129486084
-0.129459947347641
0.03658321872353554
0.06594695895910263
-0.09523522853851318
-0.007071560248732567
0.4461613595485687
0.04390132427215576
-0.04865751042962074
0.05162865296006203
-0.06653500348329544
-0.08570052683353424
0.2550671100616455
0.11271030455827713
-0.12353276461362839
-0.22717906534671783
0.02337495982646942
0.15938211977481842
0.08140953630208969
0.17806515097618103
-0.17817021906375885
0.010886302217841148
0.21685151755809784
-0.2042306810617447
0.26683124899864197
0.12260296195745468
-0.06967032700777054
-0.22922728955745697
0.1263708472251892
0.12121079117059708
0.17363065481185913
-0.2524048089981079
-0.23823027312755585
0.1494913101196289
-0.10863932967185974
0.09039591252803802
-0.11896123737096786
0.23463982343673706
0.09807255119085312
-0.15941393375396729
0.21518531441688538
0.03295707702636719
-0.08260214328765869
0.21115492284297943
-0.16406387090682983
0.032619934529066086
0.37532585859298706
-0.051529236137866974
0.3007086515426636
-0.17736148834228516
-0.0036231358535587788
0.04472967982292175
-0.2768884599208832
0.11035791784524918
0.2452920377254486
-0.05499410256743431
-0.01635110192000866
0.35320326685905457
0.15615101158618927
-0.2633635103702545
0.1515752375125885
0.38951802253723145
0.032723214477300644
-0.3384399116039276
0.11849605292081833
-0.13493070006370544
0.15149353444576263
0.16795223951339722
0.0417645089328289
-0.103284552693367
-0.13010908663272858
0.010940048843622208
0.1173267811536789
-0.31868040561676025
0.23510436713695526
0.40228474140167236
0.06187114119529724
0.17332106828689575
0.23736390471458435
-0.2979148328304291
0.00554199842736125
-0.13655687868595123
0.08006857335567474
0.1630094200372696
-0.2445218563079834
0.10738041251897812
0.30834969878196716
-0.18944555521011353
-0.11280427873134613
-0.09892689436674118
0.07757017761468887
-0.0948454812169075
0.2178642451763153
0.15696260333061218
0.03372315689921379
-0.15117612481117249
0.013289814814925194
0.07990473508834839
