0.38815534114837646
0.4351528286933899
0.14519593119621277
0.035181500017642975
0.2160595953464508
0.27953189611434937
0.13826853036880493
0.534572422504425
-0.3124142289161682
0.39436256885528564
0.16609983146190643
0.20434214174747467
0.15517181158065796
0.5416762828826904
0.14686858654022217
0.4078187346458435
0.10270319879055023
0.2565419673919678
0.17467398941516876
-0.0566803477704525
0.006176760420203209
-0.15749593079090118
0.10926831513643265
0.26389461755752563
-0.25500982999801636
-0.40945589542388916
-0.10741141438484192
-0.9467429518699646
-0.8728025555610657
-0.06980489939451218
-0.5753529071807861
-0.7894487380981445
0.41829001903533936
0.14855951070785522
0.6465588808059692
0.06221964582800865
0.11480715870857239
0.2756907641887665
0.4602263271808624
0.6198979020118713
0.10284936428070068
0.24153025448322296
0.26177680492401123
-0.13616566359996796
-0.07458949089050293
0.32751965522766113
0.2045755386352539
-0.21585381031036377
0.4226389229297638
-0.38814347982406616
-0.30155566334724426
-0.06149051710963249
0.06813595443964005
0.2412392497062683
-0.3169672191143036
0.39545658230781555
0.30620530247688293
0.03620978444814682
-0.40185055136680603
-0.1120460256934166
0.20414982736110687
-0.14002469182014465
0.0507596954703331
-0.11275538802146912
