0.35448697209358215
0.35989782214164734
1.067138910293579
0.14462384581565857
1.5369681119918823
0.2300809770822525
0.8834190368652344
0.7181284427642822
-0.11982206255197525
0.6502951383590698
-0.43362957239151
1.2757030725479126
0.5617854595184326
0.7433919906616211
-0.07571451365947723
-0.12829309701919556
0.038249421864748
1.031302571296692
0.4395473301410675
-0.7632728815078735
1.512358546257019
-0.20380744338035583
1.4582014083862305
0.49225521087646484
-0.560380756855011
1.6067554950714111
-1.048089861869812
0.6234526038169861
1.0531611442565918
0.13686040043830872
-0.5948593616485596
0.6998091340065002
1.4014354944229126
0.3365412950515747
0.8089079856872559
1.036618947982788
0.4281511902809143
-0.03136488422751427
0.7254145741462708
0.9891820549964905
-0.9461612105369568
0.8039847612380981
-0.8326249122619629
0.08581078797578812
0.7144068479537964
-0.4382209777832031
0.06769691407680511
0.19579258561134338
2.131420850753784
2.4798738956451416
-0.28697139024734497
0.8393481373786926
1.382385492324829
0.9083791375160217
2.0534427165985107
-0.48581328988075256
2.7816600799560547
-0.9855372309684753
0.04005633667111397
-0.3698793053627014
-1.7596395015716553
1.9665300846099854
2.1649911403656006
1.3894832134246826
