0.3184407651424408
-0.2807370126247406
-0.1552041471004486
-0.2297302931547165
0.10249152034521103
0.2633250653743744
-0.28879183530807495
0.21349020302295685
0.03295334056019783
-0.218654066324234
-0.24079656600952148
-0.07184077054262161
-0.2098696082830429
0.01228452380746603
-0.06004064157605171
-0.005583177320659161
0.004162778612226248
-0.1037972941994667
-0.2400331050157547
-0.08069469779729843
-0.17312964797019958
0.24447529017925262
-0.35971105098724365
0.1657380610704422
-0.11956766992807388
-0.11540938168764114
-0.41136634349823
-0.24138832092285156
-0.09614134579896927
-0.38071945309638977
-0.419961154460907
-0.17233970761299133
0.011217481456696987
-0.34998375177383423
-0.3376362919807434
-0.3173663318157196
-0.0790095329284668
0.2153005599975586
-0.20611491799354553
0.3784494400024414
-0.08559860289096832
-0.0018323955591768026
-0.05395089089870453
-0.1286093294620514
0.11727388203144073
-0.06894394010305405
-0.15325528383255005
-0.1470559686422348
0.22703704237937927
-0.06346676498651505
-0.011075113900005817
0.015561033971607685
0.07429234683513641
0.06642770022153854
-0.12868669629096985
-0.060454361140728
0.05285485461354256
-0.10222321003675461
-0.0937512218952179
-0.12356452643871307
0.09949218481779099
-0.1646641194820404
-0.03721809387207031
-0.31165722012519836
-0.1098313257098198
-0.3788463771343231
-0.1741539090871811
0.15034040808677673
0.15288788080215454
0.0028059331234544516
0.07564452290534973
0.08660072088241577
-0.05266455188393593
-0.28185877203941345
-0.18861298263072968
-0.2022085040807724
-0.03751077130436897
-0.11370543390512466
-0.04156641662120819
0.04878735542297363
0.34237590432167053
-0.4643261134624481
-0.19153134524822235
-0.0676972046494484
-0.16362567245960236
-0.29105710983276367
-0.06543157994747162
0.07071535289287567
-0.08060161024332047
-0.18245750665664673
-0.17552398145198822
-0.04198700562119484
-0.045377738773822784
-0.21510864794254303
-0.19728043675422668
-0.0639433041214943
0.15825201570987701
-0.14354267716407776
0.16593995690345764
-0.10676556825637817
0.1619005650281906
0.2978820502758026
0.06950020790100098
0.3077663779258728
0.17211081087589264
-0.13425298035144806
-0.35414695739746094
0.014826473779976368
-0.07331965118646622
0.015249984338879585
-0.17246542870998383
-0.04298897832632065
0.17410734295845032
-0.21624350547790527
-0.07755026966333389
-0.16113826632499695
-0.07700799405574799
0.15760314464569092
-0.15358754992485046
0.2684983015060425
0.21922388672828674
-0.23679906129837036
-0.22641314566135406
-0.3826753795146942
-0.09754841774702072
-0.4145771265029907
0.01701982691884041
-0.018851663917303085
0.1703403890132904
-0.17281918227672577
-0.1050112321972847
-0.21294939517974854
-0.22449195384979248
-0.05388450250029564
-0.3245176672935486
0.37170326709747314
-0.13304756581783295
-0.034371551126241684
-0.46314093470573425
-0.17299634218215942
-0.0639919713139534
-0.2894148826599121
-0.3084717392921448
-0.17726854979991913
0.23022665083408356
-0.1886821836233139
-0.12416441738605499
0.03409931808710098
-0.1208023950457573
0.1553686410188675
-0.12772707641124725
0.075837142765522
0.0827149972319603
-0.1796298325061798
-0.5218311548233032
-0.18107791244983673
-0.043529774993658066
-0.24805904924869537
0.00309216626919806
0.08303582668304443
0.25740569829940796
-0.28780773282051086
-0.046701256185770035
-0.08938552439212799
0.016967659816145897
0.146999329328537
-0.13829800486564636
0.21030712127685547
0.08893706649541855
-0.2315339297056198
0.00688212038949132
-0.11053960770368576
-0.14097723364830017
-0.11507691442966461
-0.16158752143383026
-0.1856013983488083
0.18789322674274445
-0.34410953521728516
-0.07019409537315369
0.14833612740039825
-0.020091991871595383
0.030808065086603165
-0.23726674914360046
0.09594276547431946
-0.20674842596054077
-0.054509758949279785
0.0003467631177045405
-0.26367026567459106
-0.21793575584888458
-0.1605992168188095
0.006461005192250013
0.05477224290370941
0.3243676424026489
-0.34056031703948975
-0.10441521555185318
-0.07757943868637085
-0.3474888801574707
-0.06673798710107803
-0.26131314039230347
0.16190581023693085
0.0531289204955101
-0.3099113404750824
-0.24454018473625183
-0.12283340096473694
-0.07440078258514404
-0.17556869983673096
0.06433574110269547
-0.22367887198925018
0.2833356261253357
-0.29006168246269226
-0.20783555507659912
-0.1520089954137802
0.03641029819846153
0.3531107008457184
-0.23174820840358734
0.27648457884788513
0.16605600714683533
-0.30470141768455505
-0.33780285716056824
-0.13934674859046936
0.003644421463832259
-0.18035350739955902
-0.31656613945961
-0.15307852625846863
0.20517756044864655
-0.08826731145381927
-0.36975452303886414
-0.04285811632871628
-0.23945315182209015
0.27364325523376465
-0.31315433979034424
0.3191361725330353
-0.10817185789346695
-0.17051874101161957
-0.16418218612670898
0.05706236511468887
-0.2118123322725296
-0.07957064360380173
-0.2837230861186981
-0.10306794941425323
0.5471976399421692
-0.5231926441192627
-0.41574376821517944
-0.10177592188119888
-0.21434089541435242
0.20557652413845062
-0.3107256293296814
0.3016340732574463
0.2066701054573059
-0.09093265235424042
-0.11186910420656204
-0.3631705343723297
-0.30052611231803894
-0.25074344873428345
-0.33342716097831726
-0.24177788197994232
0.359450101852417
-0.5131303071975708
-0.1956852227449417
-0.3775164783000946
-0.42332497239112854
0.2897880971431732
-0.24738267064094543
0.27914369106292725
-0.11774519085884094
-0.1349535435438156
-0.397688090801239
-0.15566538274288177
-0.3475329875946045
-0.22217822074890137
-0.03649452328681946
-0.2687906324863434
0.5250564813613892
-0.39062759280204773
-0.45538240671157837
-0.4225391447544098
-0.11005792021751404
-0.011142437346279621
-0.3514091670513153
0.21560652554035187
-0.3853391408920288
-0.3912248909473419
-0.2400219440460205
-0.2877531945705414
-0.04206983000040054
-0.4461129307746887
-0.44670945405960083
-0.39631855487823486
0.4281884729862213
-0.53059983253479
-0.3945924639701843
-0.24203042685985565
-0.27268293499946594
0.2389034628868103
-0.2645650804042816
0.31014132499694824
-0.21719159185886383
-0.1869846135377884
-0.29351502656936646
-0.5967299342155457
-0.033012598752975464
-0.14467908442020416
-0.4454551041126251
-0.5038962960243225
0.2987380623817444
-0.4412631690502167
-0.14813418686389923
-0.16279834508895874
-0.3258512616157532
-0.15363124012947083
-0.4379574656486511
0.49712997674942017
-0.16747845709323883
-0.19838105142116547
-0.02941298298537731
-0.4549059271812439
-0.30270686745643616
-0.41189318895339966
-0.21888676285743713
-0.2319948524236679
0.21027210354804993
-0.3360401690006256
-0.17803287506103516
-0.40776506066322327
-0.41655322909355164
0.1286000907421112
-0.2840278446674347
0.09438186883926392
-0.28709596395492554
-0.294501930475235
-0.2775328457355499
-0.19965820014476776
-0.337229460477829
-0.2880842983722687
-0.3071880638599396
-0.4089452922344208
0.43422558903694153
-0.17030352354049683
-0.330765962600708
-0.4489176571369171
-0.2810487747192383
-0.18851153552532196
-0.15758121013641357
0.21649935841560364
-0.5289326906204224
-0.080360546708107
-0.23794704675674438
-0.4565362334251404
-0.4128154218196869
-0.48209789395332336
-0.18795056641101837
-0.20327970385551453
0.1788179725408554
-0.4275516867637634
-0.2382388561964035
-0.2511170506477356
-0.2295188009738922
0.15131236612796783
-0.12125502526760101
0.31295353174209595
-0.3614215552806854
-0.4465268552303314
-0.3539307415485382
-0.41936182975769043
-0.29029783606529236
-0.6491647362709045
-0.18542444705963135
-0.44996869564056396
-0.0891648679971695
0.09870557487010956
-0.003327741753309965
0.11073338240385056
0.06569045782089233
0.4989317059516907
-0.15306656062602997
0.1522301584482193
0.578095018863678
0.295849084854126
-0.0731821209192276
-0.0461539626121521
0.08831743896007538
0.0928511768579483
0.058072179555892944
-0.08781580626964569
0.17717258632183075
-0.4877236485481262
-0.5223211050033569
-0.5477685928344727
-0.5628218650817871
0.02129698172211647
-0.23558694124221802
0.5621315240859985
-0.3027840256690979
-0.5384925603866577
-0.48237472772598267
-0.2348146140575409
-0.2271358072757721
-0.1747715026140213
-0.3431798815727234
-0.4023992121219635
0.14869220554828644
-0.1377856731414795
-0.3061150908470154
-0.21399067342281342
-0.25509679317474365
-0.015138429589569569
-0.34165939688682556
0.3720695972442627
-0.3267272114753723
-0.35807615518569946
-0.27410954236984253
-0.2160419076681137
-0.280270516872406
-0.32863911986351013
-0.4377117156982422
-0.3012967109680176
0.19269147515296936
-0.5960812568664551
-0.4327634871006012
-0.18579234182834625
-0.47297602891921997
0.048088785260915756
-0.374697744846344
0.2999427914619446
-0.2853984534740448
-0.2540358901023865
-0.5218874216079712
-0.19404779374599457
-0.500137984752655
-0.39971014857292175
-0.22327668964862823
-0.18675218522548676
0.18321552872657776
-0.07626129686832428
-0.34560897946357727
-0.034248508512973785
-0.37735921144485474
0.07229381799697876
-0.14868296682834625
0.5246022343635559
-0.42978471517562866
-0.46382322907447815
-0.14040698111057281
-0.2875615954399109
-0.2824256420135498
-0.4560128450393677
-0.2432771772146225
-0.3285742998123169
0.2965935468673706
-0.050727397203445435
-0.587588906288147
-0.30732110142707825
-0.49237167835235596
0.08338522911071777
-0.39678314328193665
0.44427624344825745
-0.5040568709373474
-0.23329925537109375
-0.3772805333137512
-0.3263530433177948
-0.09120962768793106
-0.36853405833244324
-0.26371484994888306
-0.21302929520606995
0.3190292418003082
-0.3658578097820282
-0.25797906517982483
-0.3108825385570526
-0.3269091844558716
-0.10150092840194702
-0.21528449654579163
0.3551679849624634
-0.4186570644378662
-0.15688954293727875
-0.3923957347869873
-0.3514572083950043
-0.42986536026000977
-0.12156970053911209
-0.34123992919921875
-0.6288770437240601
0.5089108943939209
0.0075896866619586945
-0.4640411138534546
-0.31370294094085693
-0.29035699367523193
0.022148223593831062
-0.1093442514538765
0.420148640871048
-0.3739960789680481
-0.45214352011680603
-0.41429638862609863
-0.22380034625530243
-0.33233869075775146
-0.24183793365955353
-0.1800856590270996
-0.3310951292514801
0.4928450286388397
-0.10899625718593597
-0.26877811551094055
-0.46548330783843994
-0.461576372385025
-0.14106465876102448
-0.5639743208885193
0.4942653179168701
-0.66978520154953
-0.5253182649612427
-0.3490329384803772
-0.3394296169281006
-0.6300229430198669
-0.5128517746925354
-0.5571702122688293
-0.5367460250854492
0.40383461117744446
-0.1563875675201416
-0.4337770640850067
-0.031393952667713165
0.011362805031239986
0.34948402643203735
-0.362062931060791
0.23677247762680054
-0.050657741725444794
-0.09563156217336655
-0.3048202693462372
-0.20982182025909424
-0.07223677635192871
-0.2862657606601715
-0.1662748008966446
-0.3782917857170105
0.27008894085884094
-0.3901385962963104
-0.15697462856769562
-0.3359515070915222
-0.42913782596588135
0.2873591482639313
-0.4115203619003296
0.3003532886505127
-0.30455732345581055
-0.31562212109565735
-0.3573318123817444
-0.29490482807159424
-0.1123875081539154
-0.19048966467380524
-0.2163110226392746
-0.342207133769989
0.3889163136482239
-0.20523205399513245
-0.2905752658843994
-0.07487707585096359
-0.16675862669944763
0.23354016244411469
-0.09816581755876541
0.5065026879310608
0.4485967755317688
0.04084346443414688
-0.37776029109954834
-0.26149412989616394
-0.19131988286972046
-0.20371635258197784
-0.2645462155342102
-0.32038992643356323
0.37823155522346497
-0.2543829083442688
-0.29595738649368286
0.1011294350028038
-0.2602080702781677
0.25018930435180664
-0.15040524303913116
0.16850009560585022
-0.09045737236738205
-0.010069425217807293
-0.12514598667621613
-0.20383021235466003
-0.02439585141837597
-0.09044094383716583
0.10531418770551682
-0.0018080042209476233
0.08119723945856094
-0.2762737274169922
-0.2600755989551544
-0.05063668265938759
-0.11198599636554718
0.0031810367945581675
-0.24316948652267456
0.21748752892017365
0.11248229444026947
-0.1529822200536728
-0.0969826728105545
0.03736766800284386
0.09607236832380295
-0.3244794011116028
0.04690570756793022
-0.27386733889579773
0.045932117849588394
-0.09640184789896011
-0.2978343367576599
-0.21452586352825165
-0.06987231224775314
-0.23492786288261414
-0.16001513600349426
0.09300108999013901
-0.09063442796468735
-0.1998443752527237
0.0046875979751348495
-0.179012268781662
-0.15177211165428162
0.059862423688173294
-0.17250865697860718
0.05709122121334076
0.43240341544151306
-0.18401218950748444
-0.25010859966278076
-0.18038351833820343
-0.24652287364006042
0.05226016789674759
-0.2543245553970337
0.10189538449048996
0.12289221584796906
-0.11979955434799194
-0.5002264976501465
-0.2917656898498535
0.09277161210775375
-0.26619648933410645
-0.1673889011144638
-0.2872534692287445
0.2821539342403412
-0.45686984062194824
-0.3364238440990448
-0.39460307359695435
-0.3554280400276184
0.4351358413696289
-0.19456113874912262
0.11038797348737717
0.24331524968147278
0.08104826509952545
-0.12236210703849792
-0.1879218965768814
-0.13787941634655
-0.3877486288547516
-0.3938426673412323
-0.11639273166656494
0.10471098124980927
-0.13512122631072998
-0.23702672123908997
-0.29586711525917053
-0.2000429779291153
-0.026257941499352455
-0.06634312868118286
0.42052552103996277
0.007833205163478851
-0.25070855021476746
0.012117540463805199
-0.3037166893482208
-0.00022116350010037422
-0.16157233715057373
-0.23316171765327454
-0.18200191855430603
0.01334691233932972
-0.15780231356620789
-0.21180959045886993
0.05467968061566353
-0.4183848202228546
0.06296048313379288
-0.03092392534017563
-0.09336287528276443
-0.26462510228157043
-0.18606895208358765
-0.19367392361164093
-0.5118700265884399
-0.1343715786933899
-0.10700147598981857
-0.3006264865398407
-0.12024437636137009
0.38305822014808655
-0.41432929039001465
-0.24058715999126434
-0.3048076629638672
-0.36932677030563354
0.025913788005709648
-0.05399389564990997
0.4313938021659851
-0.023479346185922623
-0.12932777404785156
-0.2815234959125519
-0.3977579176425934
-0.053477898240089417
-0.29168301820755005
0.0054632811807096004
-0.2581396698951721
0.28296634554862976
-0.3360092043876648
-0.3840094208717346
-0.174839586019516
-0.29197177290916443
0.05224926397204399
-0.1418159157037735
0.34137198328971863
-0.0942455306649208
-0.2216547727584839
-0.2162565290927887
-0.33120280504226685
-0.3205384314060211
-0.10811219364404678
-0.29866206645965576
-0.5522902607917786
0.3272402286529541
-0.3424612581729889
-0.10671672970056534
-0.15061809122562408
-0.520963728427887
0.06935808807611465
-0.29201051592826843
0.5016108155250549
-0.17330080270767212
-0.18807636201381683
-0.17899419367313385
-0.03683497756719589
-0.1308194398880005
-0.28339624404907227
-0.27970582246780396
-0.29252001643180847
0.4410402476787567
-0.36583226919174194
-0.4731191098690033
-0.4235101044178009
-0.48960307240486145
0.23916445672512054
-0.4536108672618866
0.25991493463516235
0.14005383849143982
-0.5093920826911926
-0.14928527176380157
-0.44412463903427124
-0.3768171966075897
-0.4765526056289673
-0.38627171516418457
-0.2619039714336395
0.31172892451286316
-0.5351637601852417
-0.4365658760070801
-0.12760739028453827
-0.21161438524723053
0.0008433531038463116
-0.5276581048965454
0.3999592065811157
-0.10587301850318909
-0.26155856251716614
-0.3934785723686218
-0.09206752479076385
-0.20494434237480164
-0.41110771894454956
-0.2706311345100403
-0.3788338303565979
0.48485440015792847
-0.3373008370399475
-0.4049612581729889
-0.5908637642860413
-0.33396774530410767
0.05064479634165764
-0.5159499049186707
0.469852477312088
0.08980493247509003
-0.32475024461746216
-0.46548062562942505
-0.49592772126197815
-0.3425893485546112
-0.33365529775619507
-0.28610020875930786
-0.27195191383361816
-0.14212684333324432
-0.13483792543411255
0.06738220900297165
-0.050031084567308426
-0.09106671065092087
0.28633129596710205
-0.18001727759838104
0.014946237206459045
0.2655497193336487
0.14046746492385864
-0.14669032394886017
0.029145579785108566
0.13244642317295074
-0.023527057841420174
0.08183479309082031
-0.3408876359462738
-0.1488673835992813
0.11372822523117065
-0.04650099202990532
-0.21169205009937286
0.1132664754986763
0.1549481600522995
-0.10251299291849136
-0.1797318458557129
0.0500846691429615
-0.06458744406700134
-0.08681822568178177
-0.13888804614543915
-0.21631571650505066
0.2152419239282608
0.08294737339019775
0.056458257138729095
-0.13211967051029205
0.11980752646923065
0.21189184486865997
0.10397787392139435
0.04481608420610428
0.08420857787132263
0.029775554314255714
-0.15329009294509888
-0.12792649865150452
0.10982240736484528
0.035894401371479034
0.09433025866746902
0.04310835525393486
-0.011273435316979885
0.08136597275733948
0.07240406423807144
-0.06493746489286423
-0.1965709775686264
0.19162212312221527
0.04188619554042816
0.16143372654914856
0.0986332818865776
-0.173201322555542
0.011444863863289356
-0.15563757717609406
-0.04956132918596268
0.1231926828622818
-0.037222448736429214
0.21802227199077606
0.16002729535102844
0.005868416279554367
0.14743657410144806
-0.06344278156757355
0.07030192017555237
-0.028089910745620728
0.056763894855976105
-0.16784292459487915
-0.24475812911987305
0.09272675216197968
-0.29317906498908997
0.06931222230195999
-0.11867869645357132
0.1637909710407257
0.19936542212963104
0.004311602097004652
0.02568952925503254
-0.06610807776451111
0.12467315047979355
0.056286685168743134
0.022597257047891617
-0.07662482559680939
0.046938326209783554
0.04634973406791687
0.13435404002666473
0.1262495070695877
-0.11774298548698425
0.15484404563903809
0.019342221319675446
0.08707579225301743
0.31798839569091797
0.031362924724817276
-0.12886391580104828
0.1928180456161499
-0.1455518752336502
-0.2646011412143707
0.10573972016572952
-0.07401663064956665
0.0880998969078064
0.08396895974874496
0.07499305158853531
-0.0974389985203743
0.10518715530633926
-0.05992089956998825
0.13223204016685486
0.11837287992238998
0.0191781148314476
-0.246027871966362
-0.052538324147462845
0.13243618607521057
-0.11658196151256561
0.0199722982943058
-0.19461122155189514
-0.30157163739204407
0.09822314232587814
-0.036908190697431564
0.09509962052106857
-0.02079823426902294
0.20033767819404602
0.13751521706581116
-0.014923718757927418
-0.1750834584236145
-0.014595624059438705
-0.2773078978061676
0.09226132184267044
-0.001249956781975925
-0.1393519788980484
0.08820139616727829
-0.05464949458837509
-0.1545705944299698
-0.011878135614097118
0.20933254063129425
-0.1555916965007782
0.22218605875968933
-0.13872936367988586
-0.015840547159314156
0.09177011996507645
0.07012487202882767
0.26540327072143555
-0.02561403252184391
0.09998735040426254
0.09409966319799423
-0.16119064390659332
-0.05818813294172287
0.16725090146064758
0.013119756244122982
0.11769557744264603
0.006587555166333914
-0.07346992939710617
-0.09504787623882294
-0.09930785000324249
0.10994992405176163
-0.10530391335487366
0.10929087549448013
-0.07981793582439423
0.09636306762695312
0.06623789668083191
0.07582616060972214
-0.1292717605829239
-0.2797633707523346
-0.00870424322783947
-0.24381542205810547
-0.15788137912750244
0.12215102463960648
-0.2220900058746338
0.07649841904640198
-0.16654667258262634
-0.08739975094795227
0.09829998016357422
-0.0472048819065094
-0.042113181203603745
-0.008800419978797436
0.016968734562397003
0.0782206580042839
-0.04908226430416107
0.1006397008895874
0.04851823300123215
0.128572478890419
0.12188895791769028
-0.05420345440506935
0.10045705735683441
-0.11920750886201859
-0.0371895469725132
-0.048294149339199066
0.18186220526695251
0.05947141349315643
0.0867328941822052
-0.033736471086740494
0.13496944308280945
-0.14301620423793793
0.047758717089891434
-0.08289318531751633
0.032843440771102905
0.035071272403001785
0.18214750289916992
-0.02683369629085064
-0.2330138087272644
0.17288607358932495
-0.1994856894016266
0.025752009823918343
0.0492049902677536
-0.05196169763803482
0.030368242412805557
-0.06500956416130066
0.01182845700532198
-0.3493868410587311
0.17654746770858765
-0.02940889075398445
0.022194841876626015
0.25567615032196045
0.01608535461127758
-0.05624184384942055
0.059754449874162674
0.2640311121940613
0.020687587559223175
-0.1878676414489746
0.04320180416107178
0.02265620417892933
-0.08466427773237228
-0.07367683202028275
-0.04881077632308006
-0.12817087769508362
-0.07773663848638535
-0.03056672401726246
0.15321646630764008
0.09506689012050629
0.14777736365795135
-0.1409325897693634
-0.09456631541252136
-0.132973313331604
-0.20407770574092865
-0.05242731794714928
-0.27947747707366943
0.06346723437309265
-0.08497080206871033
-0.10111555457115173
0.36851364374160767
0.10454761981964111
-0.1351296603679657
-0.27440783381462097
0.17603901028633118
0.17045418918132782
-0.0903785228729248
0.07380469888448715
0.04637996107339859
0.10313238948583603
-0.27165526151657104
0.08307631313800812
-0.0462731309235096
0.2538074254989624
-0.07414555549621582
-0.06390298902988434
0.005167658906430006
0.09172475337982178
0.05260797590017319
