0.4815986752510071
0.6184126138687134
0.3550895154476166
-0.4199945330619812
0.03866831958293915
-0.8447973132133484
-0.0008232311811298132
-0.20059701800346375
0.1985609084367752
-0.40241438150405884
-0.0190387275069952
-0.7082390189170837
0.3920024335384369
0.04296471178531647
1.2938605546951294
0.8046993017196655
0.6408753991127014
0.7738555669784546
-0.25992560386657715
-0.38843774795532227
0.3139476478099823
-0.681256115436554
-0.21809393167495728
0.3605748116970062
-0.07823260873556137
-0.6472250819206238
-0.08188217878341675
-0.47048988938331604
0.1323411911725998
0.806269645690918
1.0298322439193726
0.7454767823219299
0.4857311546802521
0.736189067363739
0.13171325623989105
-0.21076038479804993
0.4659336805343628
-0.15115702152252197
0.2830563485622406
0.8368734121322632
-0.0911850780248642
0.1884831190109253
0.37275683879852295
-0.3327840268611908
0.031003056094050407
0.5978646874427795
0.27692076563835144
0.2289855033159256
0.24644052982330322
-0.02398172952234745
-0.10810999572277069
0.21457508206367493
-0.18787074089050293
0.028400983661413193
0.1435510516166687
0.17882537841796875
0.2176542580127716
-0.1059441789984703
-0.09189117699861526
0.04317159950733185
0.05388389900326729
-0.29509055614471436
0.14729607105255127
0.3516184985637665
0.25941821932792664
0.5028603672981262
0.15298375487327576
-0.40272435545921326
0.1334327906370163
-0.8640590906143188
0.0181538388133049
0.18456420302391052
-0.002098132623359561
-0.5201369524002075
0.22005026042461395
-0.43309110403060913
0.410820871591568
-0.41996923089027405
0.8224979043006897
0.5544320940971375
0.45517173409461975
0.368251234292984
-0.23923927545547485
-0.5107401013374329
0.03697311505675316
-0.7156676054000854
-0.09790580719709396
0.256107360124588
-0.07457945495843887
-0.8145371079444885
0.3994065821170807
-0.5311987400054932
0.44135916233062744
0.46789342164993286
1.084169626235962
0.507067084312439
0.9366188049316406
0.4528312683105469
0.3401462733745575
-0.06400327384471893
0.30310148000717163
-0.11423414945602417
0.3147178292274475
1.1240386962890625
0.09170690178871155
-0.18945787847042084
0.28969335556030273
-0.5271623730659485
0.23354309797286987
0.12835994362831116
0.2390197217464447
0.22094066441059113
0.10207242518663406
0.2593136131763458
-0.3653581738471985
0.08228494226932526
-0.30564647912979126
0.11092321574687958
-0.19671179354190826
-0.1437477469444275
0.18116061389446259
-0.034325532615184784
-0.22660237550735474
0.04943125694990158
-0.10734857618808746
0.028954725712537766
-0.24117574095726013
0.08873976022005081
