0.8004353642463684
-0.623486340045929
-0.15582974255084991
0.7503233551979065
0.3770756423473358
0.8367430567741394
0.41392332315444946
0.39340248703956604
-0.4605916738510132
-0.16078034043312073
-0.0956009179353714
0.9570032358169556
0.7567575573921204
0.4661020040512085
0.38377419114112854
-0.09256885200738907
-0.3735126852989197
0.8844862580299377
0.4660121202468872
1.519822120666504
0.07499366253614426
0.5627304911613464
1.3341269493103027
0.5342957377433777
0.36843299865722656
1.129910945892334
0.5380786657333374
-0.032574936747550964
0.9355915784835815
0.20618049800395966
0.07254567742347717
0.2178111970424652
1.8952596187591553
0.13453058898448944
0.21817128360271454
-0.42874327301979065
-0.530136227607727
0.35568666458129883
-0.0011507903691381216
-0.017466573044657707
0.4969792068004608
0.00250773667357862
0.4880865216255188
0.026708561927080154
0.13266907632350922
-0.16297338902950287
-0.4383939206600189
0.6144332885742188
0.4780614972114563
0.08408290892839432
0.6671023368835449
-0.21174412965774536
0.2883843779563904
0.6036522388458252
-0.5022242069244385
0.20693007111549377
0.31670042872428894
-0.16141656041145325
0.5148281455039978
-0.1449250429868698
0.39445924758911133
-0.1771979033946991
0.8325195908546448
-0.07396303117275238
0.6028815507888794
-0.5439239144325256
0.08415498584508896
1.1282529830932617
0.09234333783388138
1.003563404083252
0.5371989607810974
0.34102556109428406
-0.7797825336456299
-0.03909698501229286
0.29231202602386475
0.8207030296325684
0.920044481754303
0.647986888885498
0.19758789241313934
0.05187401920557022
-0.040423810482025146
0.7276884913444519
0.55942302942276
1.4732472896575928
0.5234636068344116
0.25514906644821167
1.1122105121612549
0.5747736692428589
0.39606529474258423
1.1206961870193481
0.5048356652259827
0.24531003832817078
1.0778205394744873
0.2926735281944275
0.3365568220615387
0.45755159854888916
1.8878731727600098
0.04511905834078789
0.2943515479564667
-0.4008166790008545
-0.2111712396144867
0.36420610547065735
0.03020137920975685
-0.09364249557256699
0.4645574688911438
0.02856423147022724
0.5947726368904114
0.13056513667106628
0.48318231105804443
0.0980570912361145
-0.7284058332443237
0.3498983085155487
0.44297075271606445
0.17802654206752777
0.19351573288440704
-0.26446735858917236
0.08033190667629242
0.4761301279067993
-0.5073984265327454
0.17820116877555847
0.2652156352996826
-0.29812920093536377
0.43712276220321655
-0.16463035345077515
0.6425585746765137
-0.44391733407974243
0.3552360534667969
0.3727169334888458
