0.056513555347919464
0.369448184967041
-0.23117829859256744
-0.20848020911216736
-0.21761441230773926
0.1563953012228012
-0.007865101099014282
-0.31341248750686646
0.05943656340241432
0.1224825456738472
-0.16286955773830414
0.06829777359962463
-0.7563868165016174
-0.18068675696849823
-0.02369895577430725
-0.5431928634643555
0.37887173891067505
0.0603443868458271
0.11757656931877136
0.4503501057624817
-0.37611037492752075
-0.06048531457781792
-0.14786186814308167
0.3716638386249542
-0.12217389047145844
0.27163708209991455
0.4262053072452545
0.3342629373073578
0.2669089436531067
0.026248585432767868
0.16129247844219208
0.015236751176416874
0.1095070168375969
0.4996475279331207
-0.2331545054912567
0.04569124057888985
-0.13043366372585297
-0.18560552597045898
-0.17948314547538757
-0.03822655975818634
0.05068766698241234
0.21053117513656616
-0.08977259695529938
-0.4460509717464447
-0.7928569316864014
0.2711798846721649
-0.020829547196626663
-0.47649240493774414
-0.27242815494537354
0.34313634037971497
-0.11142133921384811
0.09291500598192215
-0.42066943645477295
0.08359479904174805
-0.37410968542099
0.372727632522583
0.2775631844997406
0.1662069708108902
-0.32845646142959595
-0.0615520216524601
0.12716177105903625
0.2493387758731842
0.5135040879249573
0.1836552768945694
-0.36984607577323914
-0.26257601380348206
-0.20282332599163055
0.33849433064460754
0.12888292968273163
0.4104677140712738
-0.18222928047180176
-0.1591825634241104
0.29189935326576233
0.441489577293396
0.03024507872760296
0.2714928686618805
-0.5108474493026733
-0.22905027866363525
-5.0725087930914015e-05
-0.6884378790855408
0.28145983815193176
0.3950622081756592
-0.18056771159172058
-0.24372652173042297
0.2630426585674286
0.027857648208737373
-0.01666504144668579
-0.2795619070529938
0.326068639755249
0.23140574991703033
-0.1178780347108841
0.040468692779541016
0.0284939706325531
-0.1654675006866455
-0.13131996989250183
0.16788414120674133
-0.32631614804267883
0.228017196059227
-0.16527992486953735
-0.1573442667722702
0.2172248214483261
0.46917545795440674
-0.16206035017967224
-0.24990852177143097
0.5192509889602661
0.2375270277261734
-0.013223416171967983
0.15778253972530365
-0.5235323309898376
-0.3195270001888275
-0.15806470811367035
-0.13682933151721954
-0.11568921059370041
-0.5697441101074219
0.4892154633998871
-0.5089956521987915
0.05602942779660225
-0.4225068986415863
-0.4013442397117615
0.5467414259910583
-0.22757963836193085
-0.3816778063774109
0.40298739075660706
-0.20635052025318146
0.35915008187294006
-0.4372224509716034
0.06340478360652924
0.2841443419456482
0.007207989692687988
0.3477111756801605
0.32311367988586426
-0.39561721682548523
0.41632238030433655
0.3250042200088501
-0.37934666872024536
-0.39849430322647095
-0.1523585319519043
0.2866736054420471
-0.26298800110816956
-0.1978067010641098
0.42415300011634827
-0.003908276557922363
-0.3889169991016388
-0.37517261505126953
0.17838194966316223
0.5115386843681335
0.4207550585269928
0.3061590790748596
0.3236405551433563
0.4268990755081177
0.3764429986476898
-0.3535251021385193
0.36788439750671387
0.31853845715522766
0.39233657717704773
-0.04347439110279083
-0.667405903339386
0.09032902121543884
0.1807204931974411
-0.16951167583465576
-0.3324354588985443
0.4261351525783539
-0.4839515686035156
0.07810859382152557
0.34309253096580505
0.38212770223617554
-0.04027995467185974
0.10013160854578018
0.5159445405006409
-0.20593415200710297
0.19889390468597412
0.333019882440567
-0.4832535982131958
0.2264845073223114
-0.2811461389064789
-0.6186974048614502
-0.2749260365962982
0.35150444507598877
0.3883850872516632
-0.02089041657745838
-0.2944552004337311
0.21936273574829102
-0.02336210012435913
0.21523436903953552
-0.09341216087341309
-0.13224785029888153
0.47897160053253174
-0.3712169826030731
0.1412625014781952
-0.323626309633255
0.40211912989616394
0.36753422021865845
0.42633572220802307
-0.10473860800266266
0.29643863439559937
-0.37228327989578247
0.034863561391830444
0.41217783093452454
-0.0869879424571991
-0.41074585914611816
0.3135358989238739
0.3875477612018585
-0.12306571006774902
-0.27651843428611755
-0.24764332175254822
-0.184951052069664
-0.3800971806049347
0.11240324378013611
0.0015699206851422787
0.06970110535621643
0.1308167725801468
0.5304489731788635
-0.42522093653678894
0.04845144599676132
-0.0354304313659668
-0.2049332559108734
0.08569661527872086
0.3389846384525299
0.4152073860168457
-0.37076306343078613
-0.6567748785018921
0.050552088767290115
0.15931960940361023
-0.2927665412425995
0.011916786432266235
0.09053769707679749
0.3395530879497528
0.46496647596359253
0.3353574573993683
0.3976377546787262
0.38934972882270813
0.4577513635158539
0.405120849609375
0.360943078994751
0.18542532622814178
0.013965493999421597
0.2593337297439575
-0.08336636424064636
0.545271098613739
0.39122211933135986
0.22406449913978577
-0.31587302684783936
-0.40131691098213196
-0.033992499113082886
0.25542670488357544
0.09367702156305313
0.20412573218345642
0.3350110948085785
-0.2897094488143921
-0.30204761028289795
-0.21276959776878357
-0.27044975757598877
0.36533650755882263
0.1859130561351776
0.205845907330513
0.4139350950717926
