0.248641699552536
0.5962109565734863
-0.17875167727470398
0.11600372940301895
-0.08321991562843323
0.48491713404655457
0.644592821598053
0.49601176381111145
0.5151240825653076
0.6781655550003052
0.12380673736333847
-0.05415317788720131
0.5708879232406616
-0.3224097490310669
-0.12688897550106049
-0.31039077043533325
-0.2518458664417267
-0.2644273638725281
0.013034204952418804
0.3393279016017914
-0.31339776515960693
-0.4481402337551117
-0.3392711281776428
0.27059197425842285
-0.3202562928199768
0.22695839405059814
-0.038638342171907425
0.02171274460852146
-0.1959409862756729
-0.36713171005249023
0.37260258197784424
0.3222849667072296
