-0.03986038640141487
0.7618342638015747
0.38251134753227234
-0.49475613236427307
1.120064616203308
1.526273488998413
0.4932408034801483
0.09982217103242874
0.12316133081912994
0.5314076542854309
0.5831658244132996
-0.3869302570819855
1.0047434568405151
1.146791934967041
-0.19562241435050964
0.9815149903297424
-0.19541022181510925
0.43971022963523865
1.110054612159729
-1.0463519096374512
0.6193864345550537
1.0534223318099976
0.4655221700668335
0.1419670730829239
-0.7462030649185181
0.40928205847740173
0.2761290669441223
-0.4860098659992218
0.533264696598053
0.3202104866504669
-0.6449388861656189
0.4166465997695923
0.07465973496437073
0.41803058981895447
0.9489114880561829
0.18821857869625092
-0.5709070563316345
-0.3962743878364563
-0.36791807413101196
0.6858383417129517
-0.09140734374523163
0.8323840498924255
-0.06801209598779678
0.2280905395746231
0.8959227204322815
-0.07316774129867554
0.23509155213832855
-0.15565674006938934
0.36720725893974304
0.5767669081687927
-0.44766753911972046
0.717520534992218
0.7396629452705383
0.0646347627043724
0.30521321296691895
-0.42240309715270996
0.6560459136962891
-0.45412617921829224
0.03110405057668686
0.003974136896431446
-0.6248916387557983
0.516007661819458
0.0976005420088768
0.15685202181339264
0.09530147910118103
-0.05777731537818909
0.13098473846912384
0.09685405343770981
-0.47172537446022034
-0.5110845565795898
-0.3456589877605438
0.08736198395490646
0.5262836813926697
-0.07181816548109055
-0.8813105225563049
-0.8329028487205505
-0.05054447799921036
-0.23949500918388367
0.3193013370037079
-0.28256550431251526
-0.1790938377380371
-0.08004175126552582
0.28511843085289
-0.5912144780158997
0.46021872758865356
-0.6603508591651917
-0.09240205585956573
-0.3918100595474243
0.14062011241912842
-0.20379000902175903
-0.5195475220680237
-0.5382497310638428
-0.19940808415412903
-0.09400458633899689
-0.09798894077539444
-0.5222268104553223
0.09381809085607529
0.7499459981918335
1.4770185947418213
-0.39131635427474976
0.31749969720840454
0.05073315650224686
-0.11995629221200943
0.22125299274921417
-0.7620097398757935
0.48622506856918335
0.17500950396060944
-0.6504805684089661
0.09273707121610641
0.3691486120223999
-0.3576148748397827
-0.2794460654258728
-1.6970436573028564
-0.7724503874778748
0.09344571828842163
-0.03441859781742096
0.8470099568367004
-0.1237306147813797
-0.23493844270706177
-0.2523146867752075
-1.1883937120437622
0.43871811032295227
-0.07699473947286606
0.10718164592981339
-0.19625680148601532
-0.5296743512153625
-0.43166595697402954
-0.22070883214473724
0.050248075276613235
-0.40351155400276184
0.6650469899177551
-0.6643958687782288
0.6555716395378113
1.1504542827606201
-0.5454646944999695
0.3618984818458557
-0.6307799816131592
0.5758032202720642
-0.5087863206863403
0.4782091975212097
0.7579967975616455
-0.07790831476449966
-0.5776790976524353
0.029234863817691803
-0.1412884145975113
0.3165817856788635
0.21658524870872498
-0.7973616719245911
-0.011171874590218067
-0.1386081427335739
0.2644319534301758
-0.7994675040245056
0.1368417888879776
-0.2907041907310486
-0.1491067111492157
0.38520899415016174
0.19722150266170502
0.06432273983955383
-0.3659461438655853
-0.1261175125837326
-0.19338423013687134
0.16125962138175964
0.25241824984550476
-1.192791223526001
1.443894386291504
0.6939981579780579
0.38790515065193176
-0.45077788829803467
-0.29253190755844116
-0.7620649337768555
0.5289270281791687
-0.21032117307186127
0.0675235167145729
0.7311983704566956
-0.05630667135119438
0.12544701993465424
-0.4123707115650177
0.8142794966697693
-0.011834057047963142
-1.2133915424346924
1.2262139320373535
0.9589599967002869
0.19112202525138855
-0.10471707582473755
0.7115535736083984
0.09772766381502151
0.5985250473022461
-0.09790274500846863
0.7425127625465393
0.6269645094871521
-0.24841518700122833
0.6169045567512512
0.3286103904247284
0.6832934021949768
0.6989500522613525
-0.8336972594261169
0.09089544415473938
0.5393808484077454
0.5623657703399658
-1.0228677988052368
-0.10334054380655289
-0.4088383615016937
0.17130213975906372
-0.47018781304359436
-0.3219646215438843
0.19123737514019012
-0.18943771719932556
0.04139242693781853
0.4945286810398102
-0.41374096274375916
1.7978687286376953
0.039924465119838715
-0.24993979930877686
-0.7186588048934937
-0.5387756824493408
0.3694802522659302
-0.20321397483348846
0.5331407785415649
-0.0014319902984425426
-0.31045112013816833
0.049220260232686996
-0.12981940805912018
-0.9612403512001038
-0.951355516910553
-0.36374595761299133
-0.7527762651443481
0.8497809767723083
-0.9805713295936584
-0.1846521496772766
0.365655779838562
-0.9735195636749268
-0.5094740390777588
0.5108155608177185
0.2177916020154953
-0.27195098996162415
-0.5105711817741394
-0.263220876455307
0.30140945315361023
-0.6734064817428589
0.03433996066451073
1.6689858436584473
0.8233533501625061
0.5954203605651855
0.3634500205516815
0.6752007007598877
0.6241565346717834
0.258550763130188
0.0013322014128789306
-0.592302680015564
0.21033930778503418
-1.518788456916809
-1.681005597114563
-0.3430117070674896
-0.2091299146413803
0.19185714423656464
-0.10076751559972763
0.27636873722076416
1.0041199922561646
0.2887766659259796
-0.05359895899891853
0.6292296051979065
1.7162154912948608
0.25258466601371765
0.2411053627729416
1.0017750263214111
0.47327902913093567
0.7205479741096497
0.07792293280363083
0.7592816352844238
1.4190616607666016
0.058281805366277695
0.9719333648681641
0.9646917581558228
1.0384581089019775
1.5225181579589844
0.4182644784450531
1.0112086534500122
-0.18959298729896545
0.5723295211791992
-0.03208909556269646
-0.01084278617054224
-0.15244750678539276
0.004115526098757982
-1.5018119812011719
-0.8703469634056091
0.24985212087631226
0.7509706020355225
0.33606013655662537
0.7524768114089966
1.4215731620788574
0.7797150015830994
-0.704793393611908
1.155540943145752
0.8393792510032654
0.7065545320510864
0.09092389047145844
0.13875864446163177
0.33983588218688965
-0.1330181211233139
0.2231496423482895
0.5380914211273193
1.0180346965789795
0.7231013774871826
0.31783756613731384
-0.03306104987859726
0.49378812313079834
-0.7535993456840515
0.2528610825538635
0.7144730091094971
0.25315117835998535
0.6855317950248718
-0.840340793132782
0.4889588952064514
-0.6791801452636719
-0.003828692715615034
-0.14240194857120514
-0.4498438835144043
0.3689618408679962
-0.03310356289148331
0.37655332684516907
0.899307131767273
1.7093292474746704
0.2405109852552414
-0.5901033282279968
0.054031990468502045
-0.2777446210384369
0.7577695846557617
0.20669668912887573
1.209274172782898
-0.2137308567762375
-0.6835833191871643
-1.102383017539978
-1.1183923482894897
0.9725973010063171
1.4441115856170654
0.6430820822715759
0.022144092246890068
1.2490196228027344
-0.07717322558164597
-0.9190320372581482
1.2087831497192383
0.09856007993221283
0.5692306160926819
-0.27018025517463684
0.5855054259300232
0.0036586544010788202
-0.4691855013370514
-0.4850867986679077
-0.570049524307251
0.7219191789627075
0.9559381008148193
0.24682483077049255
0.6024697422981262
0.7403900623321533
1.2079055309295654
0.190482497215271
0.618552029132843
-0.18472401797771454
-0.22432151436805725
-0.2120392620563507
-0.17341256141662598
0.7353106141090393
0.18141129612922668
-0.8486900925636292
0.19618621468544006
0.40793928503990173
-0.04859774187207222
0.43416982889175415
-0.1498623937368393
0.2894746959209442
-0.48372772336006165
-0.36314666271209717
0.20661182701587677
0.4332999587059021
0.35047632455825806
-0.9837071895599365
-0.6623666286468506
-0.7833160161972046
-1.2017040252685547
0.22140230238437653
-0.6893372535705566
0.19551965594291687
-0.579089879989624
-0.173710897564888
0.7101398706436157
-0.5027679204940796
1.1721562147140503
0.44918301701545715
-0.13672931492328644
0.56390780210495
-0.7198970913887024
-0.1665872186422348
-0.4268946647644043
0.3117470145225525
-0.9005579948425293
0.184143528342247
-0.25378337502479553
-0.6353574395179749
0.12319052219390869
-0.7749404311180115
0.17790856957435608
0.669453501701355
-0.2960166931152344
0.32659175992012024
-0.07169907540082932
-0.43003809452056885
0.12332076579332352
-0.20647090673446655
0.4408864378929138
0.1372533142566681
0.43306151032447815
0.7675238251686096
0.3334392309188843
-0.10023275762796402
-0.2002902776002884
-0.1220279410481453
-1.2252893447875977
-0.5200513005256653
0.3970814347267151
-0.904440701007843
1.2825754880905151
1.318816065788269
-0.7325500845909119
-0.47580620646476746
-0.744330108165741
0.2524533271789551
0.45058777928352356
0.432930052280426
0.7589000463485718
0.5271082520484924
-1.0120657682418823
0.19770991802215576
-0.5604703426361084
0.6904544234275818
0.04594018682837486
-1.1973562240600586
1.3914494514465332
1.0202163457870483
0.1281050145626068
-0.19208335876464844
0.5001915097236633
0.06893055886030197
0.3933936655521393
0.10450565069913864
0.7796493768692017
0.951098620891571
-0.24522554874420166
0.8412789106369019
1.2386456727981567
1.815562129020691
0.5503693222999573
-0.5379161238670349
0.35848623514175415
0.30966895818710327
0.8375303149223328
-0.442109614610672
0.42030712962150574
-0.44355520606040955
-0.4621085226535797
-0.9875207543373108
-0.7193461060523987
0.6154566407203674
-0.3334273099899292
-0.32076096534729004
1.109838843345642
0.45103180408477783
1.0553935766220093
0.42312413454055786
0.9479112029075623
-0.18298444151878357
0.19196368753910065
0.21092353761196136
-0.2220858931541443
0.3453090488910675
-0.27019622921943665
-0.7706066966056824
-0.06269785761833191
0.35113760828971863
-0.07695968449115753
0.10190768539905548
0.020551739260554314
-0.10177061706781387
0.8449834585189819
-0.7895954251289368
0.39207956194877625
1.4286119937896729
-0.027863042429089546
-1.3431122303009033
0.5352224707603455
0.6152151226997375
0.018145469948649406
-0.014456037431955338
0.5725200772285461
0.6476671099662781
0.06362833827733994
1.54080069065094
1.0387356281280518
1.1790590286254883
0.5092835426330566
-0.3527466654777527
1.4756819009780884
0.5452505350112915
0.7195439338684082
0.10194184631109238
-1.4268018007278442
0.518467366695404
-1.6364920139312744
-0.39955440163612366
-0.7383447885513306
-0.13145378232002258
0.3739086389541626
-0.5839487910270691
-0.17280982434749603
0.1537245810031891
0.01806069351732731
0.4226378798484802
-0.08065687865018845
0.05563729628920555
0.043640751391649246
0.6173606514930725
0.18507906794548035
0.03793437033891678
0.2975427806377411
1.0243631601333618
0.523760199546814
-0.3149760663509369
-0.35675278306007385
0.4311748743057251
0.5235688090324402
0.37913286685943604
-0.5072110891342163
0.544786274433136
-0.4396358132362366
0.10097374022006989
0.2167007178068161
0.14748510718345642
-0.01608375459909439
-0.34154239296913147
-0.17516957223415375
-0.09314411133527756
-0.39360901713371277
0.19017979502677917
0.6739405393600464
0.31352612376213074
1.007371425628662
1.4305410385131836
0.13342340290546417
-0.19328832626342773
0.8284517526626587
0.8491097688674927
0.8662392497062683
-0.14970088005065918
0.17574381828308105
-0.44064784049987793
-0.6178392767906189
0.4072872996330261
-0.08880344778299332
0.7513245940208435
0.7067875862121582
0.05999286472797394
-0.7276397347450256
-0.8013074994087219
-0.35547035932540894
0.39487573504447937
-0.4309782385826111
-0.05459016561508179
-0.31432509422302246
0.527532696723938
-0.4781011641025543
0.4317097067832947
0.5118348598480225
0.3910447061061859
0.8501285314559937
-0.13139265775680542
-0.24990591406822205
0.1427459716796875
0.3209507465362549
0.3082027733325958
-0.3491992652416229
0.22098059952259064
0.2676297128200531
0.03218815475702286
0.5872219800949097
0.2594888508319855
0.3432141840457916
-0.65277099609375
-0.30766135454177856
0.21366125345230103
-0.33862772583961487
0.7512235045433044
0.8237094879150391
1.0301158428192139
-0.8335510492324829
0.4150206446647644
-0.8955365419387817
-0.38204213976860046
0.3913410007953644
-0.3729107081890106
0.24442557990550995
-0.15889844298362732
0.10414934903383255
-0.14973340928554535
-0.5599338412284851
0.11900649219751358
-0.11406977474689484
0.27597007155418396
0.7592101693153381
0.14664986729621887
0.24838940799236298
0.5766377449035645
-0.7426347732543945
-0.08130843192338943
0.4534672200679779
0.01857249066233635
0.06556916236877441
-1.030164122581482
0.48534095287323
-0.44156134128570557
0.23326557874679565
-0.37459880113601685
-0.4336421489715576
0.39473816752433777
0.38195449113845825
0.40455368161201477
-0.49304211139678955
-0.8085700273513794
-1.3684115409851074
0.4523547291755676
0.205036923289299
0.9346018433570862
0.18232274055480957
-0.2749045491218567
-0.650902509689331
-0.6488220691680908
-0.037183620035648346
0.9529195427894592
-0.5816370844841003
-0.041043516248464584
-0.24906085431575775
0.4010029137134552
0.45783379673957825
0.20851187407970428
0.8127564191818237
0.34661421179771423
-0.22731071710586548
0.4106544256210327
-0.13741625845432281
0.22891148924827576
-0.43713125586509705
0.07052156329154968
-0.10469414293766022
0.6995838284492493
0.3613449037075043
-0.24846112728118896
0.07356929779052734
0.16384831070899963
0.04555648937821388
-0.15837478637695312
-0.971717119216919
-0.43364417552948
0.24525856971740723
0.09334263205528259
0.43179142475128174
-0.7900572419166565
0.3432283103466034
-0.5276550054550171
-0.17367534339427948
0.4624520540237427
-0.2914530038833618
-0.1731027066707611
0.12049262970685959
0.05371680483222008
-0.7504847049713135
-0.8371535539627075
-0.8459124565124512
-0.059900738298892975
0.286305695772171
0.6701021194458008
-0.12927661836147308
-0.03720401972532272
-0.4391143321990967
0.47101762890815735
0.27361980080604553
0.1763339638710022
0.41418150067329407
0.8543049097061157
-0.16673582792282104
0.49339884519577026
-0.14808118343353271
0.6529792547225952
-0.2885764241218567
-0.07144621014595032
0.6881958842277527
0.7867300510406494
0.5907208323478699
0.16397660970687866
0.44035276770591736
-0.9647061824798584
-0.23908036947250366
0.3111532926559448
0.05300143361091614
0.2658982574939728
0.10184267163276672
-0.028954152017831802
0.3742399513721466
0.22140714526176453
0.11584338545799255
-0.3386724591255188
-0.3290753960609436
-0.6291148662567139
-0.17243269085884094
-0.46428513526916504
-0.2835513651371002
-0.2565998136997223
-0.648987889289856
-0.4341488480567932
-0.6630688905715942
-0.16609030961990356
-0.5583736896514893
-0.5626790523529053
-0.41016843914985657
0.17520278692245483
-0.4851166903972626
-0.1978018879890442
0.6560985445976257
0.2378004640340805
0.44117480516433716
0.07019133120775223
0.006611743941903114
-0.5236650705337524
0.04778509587049484
0.08196776360273361
-0.06876840442419052
0.3160091042518616
0.5162772536277771
0.11945679783821106
0.29873424768447876
0.3962557315826416
-0.25354719161987305
-0.8252761960029602
0.5055855512619019
0.5212288498878479
0.5918523669242859
-1.4702725410461426
-1.352520227432251
-0.7203089594841003
-1.8121041059494019
-0.27496427297592163
-0.8010276556015015
-0.3684546947479248
-0.33572736382484436
0.010948804207146168
-0.38740503787994385
0.2270306944847107
-0.14333638548851013
0.11847811937332153
0.45059821009635925
0.166368305683136
0.7657142877578735
0.10968165099620819
-0.690439760684967
-0.03823265805840492
-0.4015806019306183
0.45262444019317627
-0.20229828357696533
0.19591359794139862
0.9209293127059937
0.12249008566141129
0.6779454350471497
0.45183461904525757
0.7829046249389648
0.7520151734352112
-0.6363769173622131
0.23030191659927368
-0.06900826841592789
-0.06852220743894577
0.21384645998477936
-0.12349548190832138
0.028681952506303787
0.3706889748573303
-0.41350942850112915
-0.18293675780296326
0.008748135529458523
0.4064706265926361
0.3892599642276764
0.002471259329468012
-0.11471585184335709
0.028608473017811775
-0.17375916242599487
-0.027991430833935738
0.030877193436026573
-0.3105226457118988
-0.029464326798915863
-0.009570973925292492
-0.08761655539274216
0.18474359810352325
0.045781753957271576
-0.20712468028068542
-0.004439665004611015
-0.13980236649513245
0.9103283286094666
1.1852264404296875
0.4160461723804474
0.776430070400238
-0.23466412723064423
0.03465742990374565
0.5898100137710571
1.0504205226898193
0.09674051403999329
0.5996212959289551
0.29399099946022034
-0.025304822251200676
0.12215267866849899
0.2939523756504059
0.17071117460727692
0.6263611912727356
0.029466653242707253
-0.3472570478916168
0.038824163377285004
0.18111088871955872
-0.009573047049343586
-0.0021839088294655085
0.07886648923158646
0.4357730448246002
-0.2527634799480438
-0.08741965889930725
1.2078455686569214
1.3351507186889648
0.8010930418968201
-0.43718910217285156
-0.03578769043087959
0.1684330552816391
0.32251283526420593
0.5216701030731201
0.5540487766265869
-0.09344574809074402
0.1514507532119751
-0.10579672455787659
0.49464327096939087
-0.49554041028022766
-0.24664296209812164
-0.49411433935165405
0.21768926084041595
-0.37327611446380615
-0.5734579563140869
0.12308978289365768
-0.40624409914016724
0.014483684673905373
-0.3632705509662628
0.21865959465503693
-0.46223771572113037
-0.40837210416793823
0.7686059474945068
-0.7788501977920532
0.3795175552368164
-0.5762839317321777
0.5122872591018677
-0.9048144817352295
-0.11816950142383575
0.4848579466342926
-0.3777461051940918
0.04094347730278969
0.09791172295808792
0.07550358772277832
0.04643331095576286
0.39990290999412537
-0.2755577266216278
-0.17074579000473022
-0.16209399700164795
-0.1809745579957962
-0.3331325650215149
-0.3946012854576111
0.16946934163570404
0.25835397839546204
-0.09777554124593735
-0.058049824088811874
-0.02496635727584362
0.018737876787781715
0.019682489335536957
-0.06954934448003769
-0.3766431212425232
-0.0685645118355751
-0.10899700969457626
0.466933012008667
0.25235575437545776
0.43495503067970276
-0.32605400681495667
0.9679778814315796
-0.11508668214082718
0.43836694955825806
1.3164619207382202
0.32151442766189575
0.025283273309469223
0.37511956691741943
0.461175799369812
1.3331661224365234
-0.0738145187497139
0.1224803477525711
-0.5268843770027161
-0.10000430047512054
-0.010368634015321732
0.6421982645988464
0.5495630502700806
-0.05785235017538071
-0.03871843218803406
0.14163583517074585
-0.20105335116386414
0.525105357170105
0.09716004133224487
0.1913609355688095
-0.27174633741378784
0.029019908979535103
-0.3367220163345337
-0.33946532011032104
0.08253776282072067
0.2651606798171997
-0.1648872345685959
-0.026410656049847603
-0.16259589791297913
0.7417966723442078
-0.04932079464197159
-0.25581008195877075
-0.2034948319196701
0.038953326642513275
-0.023180192336440086
0.4094584584236145
0.35960713028907776
0.45560386776924133
-0.32913315296173096
0.312412291765213
-0.08620502799749374
-0.4834049642086029
1.4362971782684326
0.8474817276000977
0.8292080760002136
-0.43463221192359924
0.008359028026461601
-0.1909109652042389
0.43432626128196716
0.30525460839271545
-0.24699972569942474
1.051646113395691
0.3863188922405243
0.8341500759124756
-0.6153304576873779
0.4408552348613739
-0.5653836131095886
-0.7687175273895264
0.5656892657279968
0.5617305636405945
0.23773717880249023
-0.006527088116854429
-0.24503794312477112
0.13324840366840363
0.21291744709014893
-0.5317683219909668
0.7812367677688599
0.3726240396499634
-0.06420888006687164
0.9739862680435181
-0.6048889756202698
0.2005724012851715
-0.3084796965122223
-0.41845834255218506
0.4484195411205292
-0.00021567006479017437
0.46289998292922974
0.38548046350479126
-0.14879047870635986
-0.17936845123767853
0.16888295114040375
-0.5541423559188843
0.060310859233140945
0.3302948772907257
0.36059942841529846
0.28249526023864746
-0.1891321986913681
0.4828316569328308
-0.040872327983379364
0.2923353910446167
0.3540690839290619
-0.3766130805015564
0.5576160550117493
-0.3099004328250885
-0.1763693392276764
-0.007092856336385012
-0.0793299451470375
-0.09229683130979538
-0.26518693566322327
-0.17052333056926727
-0.10176324099302292
0.0018186622764915228
-0.17505255341529846
-0.22405485808849335
-0.25885117053985596
0.19568243622779846
0.046541932970285416
0.014769366942346096
-0.3873874843120575
0.053868502378463745
0.3432691693305969
0.04653196781873703
0.6674528121948242
0.3988848626613617
-0.09793397784233093
-0.0623057596385479
-0.40193161368370056
0.42959117889404297
0.14208529889583588
1.0649101734161377
-0.034030139446258545
0.06601710617542267
0.8581137657165527
0.2480299472808838
0.5551143884658813
-0.3590989410877228
0.9270668625831604
-0.1735052466392517
0.3407124876976013
-0.1215662732720375
-0.7727459669113159
0.5301011800765991
0.3351775109767914
0.29151785373687744
