1.1304608583450317
0.009913845919072628
-0.3642802834510803
1.834397554397583
-0.06081276759505272
2.014200210571289
2.460566997528076
0.35963892936706543
0.08176960051059723
-0.6931480765342712
-0.7177630066871643
-0.631327211856842
1.415906310081482
-0.40144193172454834
-0.08258892595767975
-0.5840824246406555
0.3136173188686371
1.0273057222366333
-0.03958217799663544
2.357077121734619
-0.35829854011535645
-0.5210733413696289
1.1628304719924927
-0.49377673864364624
0.7180579900741577
-0.2624835968017578
0.5828086137771606
3.3973875045776367
2.1576550006866455
4.643207550048828
0.07206439971923828
0.6858771443367004
-0.0783671885728836
0.38868653774261475
-0.12101797759532928
-0.16632498800754547
0.4092986285686493
-0.276320219039917
0.5464661717414856
0.4179205298423767
0.5846729874610901
-0.022910352796316147
0.21857589483261108
-0.5424869060516357
-0.13146664202213287
-0.6398707032203674
-0.5378433465957642
0.04063061252236366
0.8175598978996277
-0.46609050035476685
0.30059513449668884
-0.3245227634906769
-0.36605900526046753
1.5533595085144043
-0.05508086457848549
0.32584139704704285
-0.006092685740441084
0.7310397028923035
0.9671851396560669
0.43781208992004395
-0.1590672880411148
0.8373016119003296
-0.3639903664588928
-0.4654596447944641
