0.8535489496516614
0.8867490468980199
0.9161653271770194
0.9415100203831641
0.9625351874511291
0.9790351458647079
0.9908484817833897
0.997859629102578
1.0
0.997248655908539
0.9896325123515698
0.9772260756369628
0.9601507139855919
0.9385734702246672
0.9127054276609324
0.882799645119873
0.8491486813517851
0.812081733022656
0.7719614142879785
0.7291802094539023
0.684156633428213
0.6373311375222206
0.5891618006557938
0.5401198481171157
0.49068504171569977
0.4413409864253354
0.39257039943058375
0.3448503878582284
0.2986477813901406
0.2544145654171107
0.21258345940965942
0.17356368376120854
0.1377369565152464
0.10545375913922456
0.07702990787593579
0.052743464213748925
0.0328320146995865
0.01749034670537086
0.006868542885173343
0.0010705129643879291
0.00015297722396618668
0.004124911623965394
0.012947459994588541
0.026534314153724495
0.044752558232416924
0.0674239689484987
0.09432675910822391
0.1251977472797807
0.15973493241345593
0.19760044822176598
0.23842386841778782
0.2818058304776021
0.3273219424767317
0.37452693478123406
0.4229590159787831
0.4721443904370472
0.5216018932955321
0.5708476975482332
0.6194000471692139
0.6667839699784428
0.712535924143428
0.7562083328613975
0.7973739628606782
0.8356301038877856
0.870602508293635
0.9019490521791513
0.9293630822844621
0.9525764158801175
0.9713619643133585
0.9855359545441145
0.9949597269381513
0.9995410917301325
0.9992352308867443
0.994045136547249
0.9840215817523383
0.9692626237476405
0.949912644720901
0.9261609393570043
0.8982398630283313
0.8664225587361197
0.8310202850394377
0.7923793711117866
0.7508778287130473
0.7069216542207727
0.6609408568968709
0.6133852522438866
0.5647200616031363
0.515421361042426
0.46597142405543274
0.41685400363364916
0.36854959986486424
0.3215307593537689
0.27625745244895444
0.23317257349942067
0.19269760816015202
0.15522851013213274
0.12113182767333656
0.09074111777381098
0.06435368307382702
0.04222766344679374
0.024579510699054296
0.011581871090770125
0.0033618963925188257
0.0
0.0015290702753848863
0.007934148810938629
0.019152576762361
0.03507460782031375
0.05554448182362756
0.08036194851137327
0.1092842265074163
0.14202837837333335
0.1782740784952981
0.21766674672759007
0.25982101713728123
0.30432450791647964
0.35074185558227644
0.398618973999104
0.44748749655884795
0.4968693580622678
0.5462814714786561
0.5952404538324716
0.6432673549851061
0.6898923430516218
0.7346593006165125
0.7771302867851771
0.8168898214202793
0.8535489496516611
