1.5216659307479858
1.7376857995986938
1.6193407773971558
1.314785122871399
1.2584761381149292
1.741129755973816
1.3181565999984741
1.650644302368164
1.8633478879928589
1.3366248607635498
1.5290217399597168
2.2344284057617188
2.5110740661621094
1.6715214252471924
1.6841063499450684
2.204249143600464
1.740257978439331
2.0998477935791016
2.437668561935425
1.9629782438278198
0.5242093801498413
0.5480911135673523
0.35050949454307556
0.6447414755821228
0.43549689650535583
0.6534028053283691
0.08110497146844864
0.3271593749523163
0.6510315537452698
0.47686702013015747
0.21699105203151703
-0.2449735552072525
-0.02645655907690525
-0.15695978701114655
-0.04977606236934662
0.022766638547182083
0.020606419071555138
-0.03297201171517372
-0.16764363646507263
-0.10551303625106812
1.3733888864517212
1.8899701833724976
1.4831246137619019
1.1202690601348877
1.2581897974014282
1.622951626777649
1.634023666381836
1.4486446380615234
1.475171685218811
1.7249464988708496
1.698706865310669
2.361116647720337
2.5048017501831055
2.0377612113952637
1.7250950336456299
1.9952163696289062
1.880812168121338
2.047950267791748
2.053065061569214
2.058546781539917
0.5628284215927124
0.004171606618911028
0.7834621071815491
0.45219773054122925
0.593124508857727
0.6216921806335449
0.4793795049190521
0.6422008275985718
0.3290864825248718
0.442116916179657
0.2784229516983032
0.1345749795436859
0.07000210881233215
0.27008745074272156
-0.1340755820274353
0.09474077075719833
-0.1719818264245987
0.4434209167957306
-0.09234857559204102
-0.012851524166762829
