0.08778287470340729
-0.1618931144475937
-0.014740639366209507
0.8003444671630859
-0.11700725555419922
0.04095133766531944
-0.021248413249850273
-0.09992988407611847
-0.01668013259768486
0.6865693926811218
-0.06894230097532272
0.19903483986854553
0.1417599320411682
-0.20962506532669067
0.5712077021598816
-0.12252137064933777
-0.1621740758419037
0.7589219808578491
0.13658297061920166
-0.11496271938085556
0.24866898357868195
1.3851262331008911
-0.18865720927715302
0.48418140411376953
0.07482921332120895
-0.3833150267601013
0.13760755956172943
-0.6948143243789673
0.21047741174697876
0.05309585854411125
0.23467782139778137
-0.7245125770568848
0.0787217989563942
0.28599950671195984
0.4681064188480377
-0.261478990316391
0.3176880180835724
-0.7579861283302307
-0.29871702194213867
-0.29447492957115173
