-0.24862826093635992
1.3207546045495568
1.7153306634702865
1.563869769299252
1.0182057894021161
0.9875499488805777
0.9173581652157505
1.19696947716033
0.8572257304794132
2.3385804498565608
0.9340826908015123
1.4601418713999275
0.8998573980823166
1.587068621386993
-0.06719232187664326
1.0954482684597688
0.8214306154723134
0.6637734675242791
-0.5726924665550527
-0.10767166008614337
0.27346107128745123
-0.16544752985991584
0.26830034982251855
-0.14068008013886008
-0.1563132893785193
0.35857002856177234
-0.5175757066638009
-0.7743213625956945
-0.727513372187669
-0.5860905544554623
-1.0233562468102926
-0.9537392662477128
-1.4366388966901236
-1.5045453636225288
-1.0950104714609352
-1.9772839619096034
-1.5056650609405424
-1.340448689822491
-1.7160968861983792
-1.420655098391873
-2.505682392200282
-0.882637724803599
-1.5013986223470341
-1.5763850148496095
-1.101386589004245
-1.4712405979873175
-1.166404834863508
-0.7074319450652029
-0.7440665646631967
-0.4855319064750105
-0.6118564174798226
-0.28382763326247284
-0.22161521862299183
-0.3994517451763987
-0.5084715299373496
0.4998884462069565
0.11351017701258354
0.2868296436435639
1.2957630810640768
-0.9195898910622387
0.8156673347485521
1.275426393514326
0.6960507868045902
0.6946732899151801
1.3128816604110947
1.2074927682279368
0.9853128084492357
0.8434591399253668
1.3338134882626578
1.8264811237891143
1.1205431932162986
1.2768585507996586
2.19530655291822
1.0758347034774751
1.0239164231252325
1.5070170249567245
0.8225762204725144
1.677142969121404
0.04461535628858182
1.585677203335603
0.7022198973599227
0.6932264245594157
0.8242232949681548
0.8127966631864901
0.32026822867272314
-0.38742149975972173
-0.25706899179754583
-0.3700198802145356
0.069124438678279
0.11689197428547016
-0.46047880435094407
-0.945982927494645
-0.9749113393984613
-1.038568291134522
-0.04556687058440534
-1.4742084850142343
-0.9054140245200684
-1.5808407739158972
-0.7168369903462343
-1.4793029666463977
-1.9719313812681742
-2.1897266588767876
-1.2028990305764826
-1.6747855521388015
-1.4103326267787457
-1.0781196492370524
-1.289821198477339
-1.2334532370557163
-1.0642344497825407
-0.5914414824277894
-0.3900168346819125
-0.28000964372811954
-0.35467230687485574
-0.19658001253863655
-0.5842560434864817
-1.265291670715789
-0.6192960905917706
-0.16607424453031305
-0.4673064542726086
1.116691678601441
0.45412042974426925
0.8526507413872824
-0.40266744796186027
-0.3151905320280528
0.7956680621631146
0.5272962143944173
0.22152282394379086
1.6658637238059812
