1.0000000000000002
1.0938950774774012
1.1770889276459138
1.2487676915535384
1.3082301586714142
1.3548946266131998
1.3883045917443368
1.4081332150117842
1.4141865193064234
1.4064052870793682
1.3848656396483938
1.3497782925273167
1.3014864940632034
1.2404626675470625
1.1673037896471796
1.0827255503764175
0.9875553517246536
0.882724213448511
0.7692576652014652
0.6482657141037094
0.5209319858958672
0.3885021459051692
0.25227171309810126
0.11357338643078219
-0.026235992520671658
-0.16578871310934673
-0.303719575495384
-0.43867924596141605
-0.5693474570147676
-0.6944459231440434
-0.8127508458793469
-0.9231048858231289
-1.0244284845330782
-1.115730425498696
-1.196117530896869
-1.2648033992661758
-1.3211160986220398
-1.364504739753428
-1.394544865396632
-1.4109426025655538
-1.4135375374175785
-1.4023042845311284
-1.3773527352431625
-1.3389269826172077
-1.287402933558627
-1.2232846314370283
-1.1471993251904413
-1.0598913331486355
-0.96221476160385
-0.8551251493608322
-0.739670120004905
-0.6169791333339336
-0.4882524362126749
-0.35474932093979705
-0.2177758059922037
-0.07867185966203982
0.061201708426546486
0.20047655968474443
0.3377902125798986
0.4717993713586041
0.6011930670814374
0.7247054824147457
0.8411283347186624
0.9493226962915222
1.0482301361370003
1.1368830742576
1.2144142471817476
1.2800651921262505
1.3331936667962483
1.3732799322371343
1.39993183727529
1.4128886548081812
1.412023632414598
1.3973452323332434
1.3689970486793435
1.327256402709133
1.2725316298742866
1.205358085206188
1.1263929061080837
1.0364085837890604
0.9362854062284675
0.827002846598847
0.7096299813916926
0.5853150319824715
0.4552741319464339
0.3207794300109944
0.18314664502971167
0.043722194723597285
-0.09612997589483652
-0.23504173756141666
-0.37165416073337537
-0.5046308095644592
-0.6326708158313672
-0.7545216049134573
-0.8689911493315111
-0.9749596299730876
-1.0713903909264204
-1.15734008075518
-1.2319678810052712
-1.2945437316641017
-1.3444554731052734
-1.3812148346513313
-1.4044622111703635
-1.4139701809785294
-1.4096457306339931
-1.3915311648578155
-1.3598036926803363
-1.3147736938616421
-1.2568816825451814
-1.1866939978481348
-1.1048972635461216
-1.0122916710513803
-0.9097831513949265
-0.7983745127916678
-0.679155630486876
-0.5532927848536164
-0.42201725204313706
-0.2866132588022501
-0.148405419291884
-0.008745776808443573
0.13099942282535526
0.26946309680843095
0.40529069909717763
0.5371534714982
0.6637614424867176
0.783876046587336
0.8963222408658119
0.9999999999999998
