-0.09808285534381866
0.0922766849398613
0.15503458678722382
-0.015747101977467537
-0.15713348984718323
0.16956982016563416
-0.15741577744483948
0.02551443874835968
-0.13583913445472717
0.20729438960552216
0.08534294366836548
0.3447398841381073
0.23425865173339844
0.2738088369369507
0.1838204711675644
0.10019512474536896
0.897748589515686
1.154353141784668
1.1388397216796875
1.000726342201233
0.9243575930595398
1.1802047491073608
0.885640025138855
1.1395063400268555
1.0931074619293213
1.2885817289352417
1.248740553855896
1.3296715021133423
1.4110583066940308
1.4068009853363037
1.374790906906128
1.1736587285995483
0.05369167402386665
-0.10138803720474243
0.012703117914497852
0.060749929398298264
0.06387180835008621
0.0003695182967931032
0.053914010524749756
0.05236044526100159
0.03986397385597229
-0.020655831322073936
0.04808719456195831
-0.07127043604850769
0.0424201563000679
0.006522797048091888
0.1040901243686676
-0.11151199787855148
-0.04097295552492142
0.27678248286247253
0.2990248203277588
0.11382003873586655
0.004806406330317259
0.19364649057388306
-0.0723470002412796
0.17482081055641174
0.19323791563510895
0.479638934135437
0.48711997270584106
0.7018111944198608
0.6223479509353638
0.6927960515022278
0.537676990032196
0.1425669640302658
