-0.0011399580398574471
-0.3460129201412201
-0.22652605175971985
-0.4061010181903839
-0.5819653272628784
-0.1434190720319748
-0.19781692326068878
-0.16730816662311554
-0.4829280376434326
0.15018124878406525
-0.08345160633325577
0.4598449170589447
0.2992687523365021
0.35626208782196045
-0.04849302023649216
-0.10110370069742203
0.1548919677734375
0.3180086314678192
-0.0007301208679564297
-0.35440948605537415
-0.7642571330070496
0.04803009331226349
-0.32611405849456787
0.09262426197528839
-0.5685532689094543
-0.09765786677598953
0.07358404248952866
0.30556437373161316
0.18452289700508118
0.4061049222946167
-0.2701892554759979
-0.18045449256896973
0.4135490655899048
-0.005219559650868177
0.3447451889514923
0.48358067870140076
0.24133096635341644
-0.18908049166202545
0.2107926309108734
0.5829938054084778
0.06509135663509369
0.636047899723053
0.2258361428976059
0.7313472032546997
0.48610880970954895
0.8968754410743713
0.4845687747001648
-0.4787641167640686
-0.19068826735019684
-0.038319334387779236
-0.08992264419794083
-0.33832037448883057
-0.3582442104816437
-0.030790278688073158
-0.5225942730903625
-0.5895235538482666
-0.6381267309188843
-0.43650832772254944
-0.28915151953697205
-0.1046430692076683
-0.669843316078186
-0.34768563508987427
-0.5618840456008911
-0.4226813018321991
