-0.25172168016433716
0.004237930290400982
-0.5921386480331421
0.24343304336071014
0.15433058142662048
0.029275622218847275
0.15376311540603638
-0.21555307507514954
-0.049024637788534164
-0.028569737449288368
0.0692523643374443
0.1229013055562973
-0.05386119335889816
-0.5228647589683533
-0.10320860892534256
-0.30845534801483154
-0.0018366588046774268
0.012076866813004017
0.03871850669384003
-0.11496163159608841
-0.11247570067644119
0.09807392954826355
-0.2586272656917572
-0.04695431888103485
-0.02990828827023506
-0.12162148952484131
-0.05188174173235893
-0.20427151024341583
0.2413678765296936
-0.19612252712249756
0.053414881229400635
-0.2731117308139801
0.4595537781715393
0.19227276742458344
0.255130797624588
0.043490663170814514
-0.12005910277366638
0.2923968434333801
0.5918352007865906
0.4169032871723175
0.1493317037820816
0.3261181712150574
0.3092676103115082
0.2983516454696655
-0.05251283571124077
0.32313621044158936
0.3128935694694519
0.34681937098503113
-0.12110806256532669
-0.2916639447212219
-0.4168907701969147
0.0347774475812912
-0.05338206887245178
0.18322165310382843
-0.11335974931716919
-0.25280481576919556
-0.40869763493537903
-0.45410674810409546
-0.24748434126377106
-0.34812092781066895
-0.08015498518943787
-0.20676936209201813
0.191264808177948
-0.5628889799118042
0.20445315539836884
0.06361398100852966
-0.06454841792583466
0.27049508690834045
0.4053052067756653
0.008087429217994213
0.2525089979171753
-0.1582554429769516
0.45989036560058594
-0.02077503129839897
0.011599726974964142
0.06787852197885513
-0.1335761398077011
0.14297732710838318
0.40397849678993225
-0.4913504421710968
0.20042727887630463
0.2699701189994812
0.09321776032447815
0.41032645106315613
0.34342458844184875
0.10623261332511902
0.14384783804416656
0.26602184772491455
0.39953553676605225
0.2899264693260193
0.3595278859138489
0.058393288403749466
0.04951615631580353
0.1934211701154709
0.20515455305576324
-0.2362583875656128
0.29211094975471497
0.23420748114585876
-0.12919405102729797
0.19864197075366974
-0.21690520644187927
0.49226608872413635
0.11676635593175888
0.23310624063014984
0.09377717226743698
0.014446421526372433
0.23507961630821228
0.22608107328414917
-0.03007986955344677
-0.05555933341383934
-0.13219331204891205
0.08319481462240219
0.1885683685541153
-0.032666727900505066
0.2941417694091797
0.3888438642024994
0.3861798048019409
0.10280407965183258
0.2952364981174469
0.1406966745853424
0.28514155745506287
-0.02217811346054077
0.2793520987033844
0.22491005063056946
0.13633066415786743
0.14432048797607422
0.026555921882390976
-0.174082413315773
-0.13995158672332764
0.05620875209569931
-0.0863761156797409
0.1425175815820694
0.22498565912246704
-0.019917743280529976
0.05882043018937111
0.04565780609846115
0.09876277297735214
-0.03827499970793724
-0.09175857901573181
0.01726236566901207
-0.24827690422534943
-0.14849594235420227
-0.2460041344165802
-0.057495906949043274
-0.11538674682378769
0.15905776619911194
0.0016090802382677794
-0.4500865340232849
0.024227896705269814
-0.088444285094738
-0.00991066638380289
-0.1462058126926422
-0.2651616334915161
-0.15700137615203857
0.1831362396478653
-0.04342886060476303
-0.4030006527900696
-0.014763617888092995
0.21267680823802948
-0.07073988765478134
0.14921170473098755
0.10907401889562607
-0.07183391600847244
0.3783217668533325
0.232171893119812
0.365018367767334
0.14720109105110168
0.187043696641922
0.09175474941730499
0.4530916213989258
0.20847004652023315
0.09780701994895935
-0.14045019447803497
0.1567983627319336
0.21782970428466797
0.18600212037563324
-0.5413488745689392
0.22885406017303467
-0.1045338436961174
0.29931092262268066
-0.01347200758755207
0.5189140439033508
-0.36758461594581604
-0.5573878288269043
-0.1408492475748062
-0.17308248579502106
-0.35788774490356445
-0.25498634576797485
-0.7890082597732544
-0.5330492854118347
-0.26598164439201355
-0.5049659013748169
-0.18631286919116974
0.405691534280777
0.03984452411532402
-0.20245574414730072
0.13369688391685486
0.38261836767196655
-0.6766424775123596
-0.2649398446083069
-0.23859803378582
0.10815002769231796
0.021255357190966606
-0.15795093774795532
-0.15739527344703674
-0.11574886739253998
0.10899616777896881
0.013362356461584568
-0.4055711328983307
0.5998192429542542
-0.05508441850543022
-0.33868077397346497
0.3613707721233368
0.5310205221176147
-0.40474987030029297
-0.07352232187986374
-0.16903844475746155
0.2294761687517166
0.1043812707066536
-0.37005841732025146
-0.3668714761734009
-0.1596103310585022
0.023960953578352928
-0.4691154658794403
-0.2584967613220215
-0.14293554425239563
-0.30505993962287903
-0.1171920970082283
-0.10583791881799698
-0.09892550110816956
0.1598002314567566
0.3376171886920929
0.16130700707435608
0.42034193873405457
-0.07192486524581909
-0.11905118077993393
0.1038568839430809
0.025306543335318565
0.09985314309597015
0.07191779464483261
-0.17173947393894196
0.1423438936471939
-0.34274211525917053
-0.535072922706604
0.16665399074554443
0.43174847960472107
-0.5513461828231812
-0.5071139931678772
-0.2242392599582672
-0.025396550074219704
-0.19222745299339294
-0.2672101855278015
-0.5249488353729248
-0.5022990107536316
-0.09120211750268936
-0.4244472086429596
-0.08789107203483582
-0.4459841847419739
0.06486789882183075
0.4888480305671692
0.2651175856590271
0.3371378183364868
-0.041243575513362885
0.06267711520195007
0.13164383172988892
-0.007894936949014664
0.04539830982685089
0.08248119801282883
0.28817176818847656
-0.11292557418346405
0.3249834477901459
-0.45562753081321716
-0.06716273725032806
0.04906308650970459
-0.0236563328653574
0.16111305356025696
0.235221266746521
0.6637409329414368
-0.05423935130238533
0.19662253558635712
0.22396382689476013
0.26475897431373596
-0.08101549744606018
-0.13550694286823273
0.19372496008872986
0.03318752720952034
0.17531658709049225
-0.15285664796829224
0.18779103457927704
0.2742753326892853
0.27824023365974426
0.3198811113834381
0.3792901337146759
0.3560636341571808
0.017508642747998238
-0.007414122112095356
0.3430129587650299
0.27388590574264526
0.52750563621521
0.3863357603549957
-0.03477548807859421
0.39359724521636963
0.22016599774360657
0.42989909648895264
0.058951906859874725
-0.12633942067623138
0.10975228995084763
0.019645962864160538
-0.0538095198571682
0.700960099697113
-0.2799444794654846
0.034570302814245224
-0.016166632995009422
-0.3163829445838928
-0.0030053630471229553
0.010760799050331116
-0.12755592167377472
-0.3021106719970703
-0.008875264786183834
-0.4306666851043701
-0.1280854344367981
0.4158152937889099
0.24765297770500183
0.6869957447052002
0.7090245485305786
0.11508137732744217
0.318634569644928
0.20150382816791534
0.44383567571640015
0.34543731808662415
0.20475459098815918
0.3657543361186981
0.14476263523101807
0.020182747393846512
0.5734536051750183
-0.4381486177444458
-0.16446731984615326
0.1546010971069336
0.2064843475818634
0.43502748012542725
0.24598003923892975
0.3265938460826874
0.2413625717163086
0.6152002811431885
0.39938098192214966
0.5366786122322083
0.25626254081726074
0.034871675074100494
0.12426481395959854
0.11646850407123566
0.8733222484588623
-0.7978047728538513
-0.07346606999635696
0.0018045438919216394
-0.05078263580799103
0.1903708279132843
-0.07423853874206543
0.1965603232383728
0.4340253174304962
0.1564004272222519
-0.1743095964193344
0.09816334396600723
0.20710566639900208
0.07637297362089157
-0.0985344648361206
0.3233477473258972
0.5002991557121277
-0.1280830055475235
-0.24304594099521637
0.07244787365198135
0.06601758301258087
0.8753471374511719
0.6198126077651978
0.5664805769920349
0.35763636231422424
0.5479164123535156
0.7999354600906372
0.27809852361679077
0.25765460729599
0.5916761755943298
0.1925458014011383
0.2549816966056824
0.5142645835876465
-0.6406316757202148
-0.239475816488266
0.27663102746009827
-0.3557222783565521
0.22377559542655945
0.16249102354049683
0.35528162121772766
-0.4462392032146454
-0.2601856589317322
0.2144337147474289
-0.28474780917167664
0.02397129125893116
-0.29865285754203796
-0.2596147954463959
-0.22614537179470062
0.14390303194522858
-0.4350035786628723
-0.4118688404560089
0.4028979539871216
-0.24321582913398743
-0.24914786219596863
0.14619047939777374
0.1987563520669937
-0.4686068892478943
-0.5000098943710327
0.05257110670208931
-0.3204842209815979
-0.22548580169677734
-0.3848453462123871
-0.40384718775749207
-0.5445916652679443
0.12387790530920029
-0.832295835018158
-0.04222115874290466
-0.14867396652698517
-0.20904290676116943
-0.06130732595920563
-0.13442127406597137
-0.015502233989536762
0.43252742290496826
0.1612183302640915
-0.12701211869716644
-0.049429330974817276
0.10116137564182281
0.023719437420368195
0.26232612133026123
0.23724059760570526
0.1957184374332428
0.266202449798584
-0.446847140789032
0.14264580607414246
-0.26635345816612244
-0.287295937538147
-0.07292822003364563
0.5140340924263
-0.21957077085971832
-0.6697529554367065
-0.40137702226638794
-0.3783012330532074
-0.5106198787689209
-0.2071552872657776
-0.5436475872993469
-0.6335986256599426
-0.15011349320411682
-0.7337738871574402
-0.13817322254180908
0.5487622022628784
-0.21461333334445953
0.12951797246932983
-0.08759135752916336
0.3964580297470093
-0.20635870099067688
-0.007294915150851011
0.14908774197101593
0.03297615423798561
0.18105942010879517
-0.06898129731416702
0.09491385519504547
-0.20248037576675415
0.3194822072982788
-0.0232413150370121
-0.45914962887763977
0.760759711265564
0.18321754038333893
-0.34080615639686584
0.10887330770492554
0.11808324605226517
-0.43311941623687744
-0.24274563789367676
0.018630515784025192
-0.28927212953567505
-0.07160567492246628
-0.403150737285614
-0.14168734848499298
-0.37947314977645874
0.07918686419725418
-0.7389552593231201
-0.09835521876811981
-0.32808053493499756
-0.17671452462673187
0.07046431303024292
0.23101691901683807
-0.0913667306303978
0.1646566241979599
0.07679392397403717
-0.21180269122123718
0.024335354566574097
0.02253022976219654
0.14763472974300385
0.08430857211351395
0.2682324945926666
0.1342916488647461
0.17805399000644684
-0.06845895200967789
0.36402627825737
-0.3849319517612457
-0.5117813348770142
0.15918280184268951
0.3779962956905365
-0.7452162504196167
-0.3260272145271301
-0.324587881565094
-0.0663851723074913
0.04841066151857376
-0.28270408511161804
-0.186592698097229
-0.2180982232093811
-0.047637395560741425
-0.3586292266845703
-0.08194619417190552
0.10225099325180054
-0.2655787765979767
0.31591174006462097
-0.019569644704461098
0.49901676177978516
0.19413338601589203
-0.10426438599824905
-0.2528352439403534
-0.03223971650004387
-0.22780734300613403
-0.0673309937119484
-0.17889271676540375
-0.20077089965343475
0.26067376136779785
-0.33835235238075256
-0.1256338208913803
0.24409930408000946
-0.007507793605327606
-0.06219309940934181
0.32303979992866516
0.4031587839126587
-0.2671624422073364
0.16060741245746613
0.038564976304769516
0.007755657657980919
0.31624799966812134
0.0835915133357048
-0.27716386318206787
0.028014494106173515
-0.0023813664447516203
-0.1316608339548111
0.247955322265625
0.11873167008161545
0.25285613536834717
0.10033895075321198
0.1546022742986679
0.3104519546031952
0.2716996371746063
-0.07217204570770264
-0.07511509954929352
0.5743805170059204
0.19407141208648682
0.2544735372066498
0.18857525289058685
0.1504582315683365
0.4738510847091675
0.20455339550971985
-0.10730855166912079
0.1559683084487915
-0.23120108246803284
-0.08022154122591019
-0.020896796137094498
0.742863655090332
-0.3489064574241638
-0.242282897233963
-0.08601877093315125
-0.2744838297367096
-0.3875108063220978
-0.23506160080432892
-0.5577682256698608
-0.3284207284450531
-0.2804473638534546
-0.5926859974861145
0.06388407945632935
0.3977965712547302
-0.2535967528820038
0.23949693143367767
-0.13422618806362152
0.40032294392585754
-0.03669064864516258
0.018765313550829887
-0.12050032615661621
-0.05188176408410072
0.24046841263771057
0.14482738077640533
0.08133894205093384
-0.023046990856528282
0.3765748143196106
-0.04985050484538078
-0.4962378442287445
0.5361492037773132
-0.37058672308921814
-0.5507010221481323
-0.0413399338722229
0.09130430221557617
-0.32187414169311523
-0.3106982111930847
-0.11134398728609085
-0.018943974748253822
0.19223357737064362
-0.22196076810359955
0.02200731262564659
-0.3285691738128662
0.14661675691604614
-0.3641102910041809
-0.26022741198539734
-0.27375754714012146
-0.0744549110531807
-0.16354523599147797
-0.06145542860031128
-0.1612354815006256
0.026447225362062454
0.20671696960926056
0.07827215641736984
0.1979731172323227
0.15777485072612762
0.05629779025912285
0.030156105756759644
0.07192438095808029
0.0004337721620686352
0.08466189354658127
-0.14195570349693298
0.3389490246772766
-0.5059435367584229
-0.2673929035663605
0.385265976190567
0.8335902690887451
-0.44449836015701294
-0.33186089992523193
-0.09598393738269806
-0.29221445322036743
-0.129381462931633
-0.08947529643774033
-0.14242997765541077
-0.0773920789361
0.28467363119125366
0.20023596286773682
-0.11801567673683167
0.13929417729377747
-0.3016264736652374
0.1772071123123169
0.41161054372787476
0.22756414115428925
-0.022761186584830284
0.0945524275302887
0.0443086251616478
0.24940665066242218
0.016321007162332535
-0.03302321955561638
0.08139923214912415
-0.0025171053130179644
0.11376502364873886
-0.25674694776535034
-0.2592799663543701
0.24535024166107178
-0.17645283043384552
-0.2609257400035858
0.18837033212184906
0.13898654282093048
-0.4440755546092987
-0.07374586164951324
0.030098751187324524
-0.12221530079841614
-0.014767908491194248
-0.21411755681037903
0.06170601025223732
-0.06002034991979599
0.5848333835601807
-0.3137694299221039
0.15025164186954498
-0.13238897919654846
0.08265030384063721
-0.1268223524093628
-0.058645252138376236
0.00606163777410984
0.25512051582336426
0.3821965754032135
0.04998428001999855
0.10323145240545273
0.35938096046447754
0.09480598568916321
-0.054203443229198456
0.154974564909935
0.317231684923172
0.1995605081319809
-0.14096269011497498
-0.019740065559744835
-0.31374409794807434
-0.18096648156642914
0.3363950550556183
0.5732922554016113
-0.24102813005447388
-0.05382070317864418
0.1814434975385666
-0.46214520931243896
0.18337200582027435
-0.2654719948768616
-0.46107643842697144
-0.048137079924345016
0.16755114495754242
-0.48117002844810486
-0.015358001925051212
0.28208643198013306
-0.20246775448322296
0.1433473378419876
0.23425059020519257
0.04684198647737503
-0.03586627542972565
0.05014833062887192
-0.09583409130573273
-0.07675059139728546
0.028717532753944397
0.08577022701501846
0.07126584649085999
0.07513530552387238
0.15476231276988983
-0.5243245363235474
0.04178919643163681
-0.03235738351941109
-0.17416322231292725
-0.1576860547065735
-0.04434428736567497
0.25851932168006897
-0.29868224263191223
0.195847749710083
-0.09442830830812454
0.11075916141271591
-0.04628453776240349
-0.2714155912399292
0.08868494629859924
-0.3732755780220032
-0.003182718763127923
-0.10280459374189377
0.30389299988746643
0.33880898356437683
-0.22482432425022125
-0.16610391438007355
0.15994054079055786
0.37769949436187744
0.4051666259765625
0.19927693903446198
0.10635597258806229
0.12874086201190948
0.30493032932281494
0.3479342460632324
0.131010964512825
0.3609239161014557
0.3668653666973114
0.044096507132053375
-0.23263052105903625
-0.06246369332075119
-0.245608389377594
-0.3072267174720764
0.016838401556015015
0.32435429096221924
-0.1968384087085724
-0.11407538503408432
-0.13351236283779144
-0.45651912689208984
-0.041230641305446625
-0.16234055161476135
-0.15855634212493896
-0.10120032727718353
-0.17349226772785187
-0.3841179609298706
0.2638927400112152
0.17543178796768188
-0.38844481110572815
0.18963541090488434
-0.12272737920284271
0.18637175858020782
-0.005991778336465359
0.03481270745396614
-0.04655374586582184
0.3508719205856323
-0.14471285045146942
-0.01597849652171135
0.13527816534042358
-0.40334776043891907
0.09256402403116226
-0.3149929344654083
-0.47931331396102905
0.38223034143447876
-0.08066002279520035
-0.20293565094470978
-0.05717835575342178
0.12015961110591888
-0.7486075162887573
-0.36195820569992065
0.07562533766031265
-0.30211642384529114
-0.04071648418903351
-0.3015021085739136
-0.20161063969135284
-0.24142664670944214
0.07959358394145966
-0.29269397258758545
0.19429805874824524
0.05954217165708542
-0.0751820057630539
-0.162090003490448
0.042883340269327164
0.23906554281711578
0.030617166310548782
-0.06874121725559235
-0.1433129757642746
0.029081862419843674
-0.24578694999217987
0.10857193171977997
0.06276778876781464
-0.026535680517554283
0.0370388925075531
0.05009613558650017
0.08958908170461655
0.41810041666030884
-0.3068448305130005
-0.2608910799026489
0.05154576897621155
0.4275464117527008
-0.2412422001361847
-0.2977360785007477
-0.10527517646551132
-0.23348677158355713
-0.13065211474895477
-0.045992620289325714
-0.2590973973274231
-0.23523713648319244
-0.08659437298774719
-0.21354374289512634
0.18818248808383942
-0.05098662152886391
-0.24915124475955963
0.12495478242635727
0.34073206782341003
0.17721472680568695
0.21218974888324738
-0.06298991292715073
-0.09291456639766693
-0.18178077042102814
0.08684039860963821
0.09456794708967209
-0.09409524500370026
-0.13341805338859558
0.27475062012672424
-0.3173498809337616
-0.11593998968601227
0.11575396358966827
-0.07257241755723953
-0.32902026176452637
0.28084155917167664
0.17477761209011078
-0.48248976469039917
-0.23749126493930817
0.1600520759820938
-0.12046626955270767
-0.1931377351284027
-0.21601131558418274
-0.03322418034076691
-0.2572868764400482
0.04669319465756416
-0.33552876114845276
0.28340384364128113
0.12766878306865692
-0.038392264395952225
-0.14062654972076416
0.11200116574764252
-0.11802889406681061
0.3367738723754883
0.45411911606788635
-0.16337570548057556
-0.10153285413980484
0.32778093218803406
0.07476771622896194
-0.023098642006516457
0.3519788682460785
0.27228668332099915
0.5010796785354614
-0.22494518756866455
-0.11818420886993408
-0.5891363024711609
-0.11375368386507034
0.3364153504371643
0.42499563097953796
-0.281777948141098
-0.204181507229805
-0.11718911677598953
-0.04068826511502266
-0.18871867656707764
-0.13260920345783234
-0.11117912828922272
-0.04079970717430115
0.03182655945420265
-0.2568027675151825
-0.23920279741287231
0.5838370323181152
0.2295917570590973
0.07094907015562057
0.2543589770793915
0.41319969296455383
-0.043715354055166245
-0.1193423718214035
0.22831788659095764
0.06330431252717972
0.19423262774944305
0.2743028700351715
0.09109846502542496
0.11653391271829605
0.5996139049530029
0.12428265810012817
-0.3554632365703583
0.6939889192581177
0.24182631075382233
-0.2953336834907532
0.4663776159286499
0.273595929145813
-0.459535151720047
-0.3097233772277832
0.2467947006225586
0.06987529247999191
-0.05262760818004608
-0.22935156524181366
-0.028373999521136284
-0.3982928991317749
0.45724737644195557
-0.5753493905067444
0.031374529004096985
-0.4287478029727936
0.05756446346640587
-0.12475738674402237
-0.14553283154964447
-0.04629969224333763
0.024639857932925224
0.17831864953041077
0.14282959699630737
0.08115348219871521
-0.016618512570858
-0.10216556489467621
0.25592002272605896
-0.11087633669376373
0.480544775724411
0.014644947834312916
-0.19452688097953796
0.8275535106658936
-0.09621553868055344
-0.4430379569530487
0.3652001619338989
0.6505126953125
-0.5141333341598511
-0.5499192476272583
0.09253266453742981
-0.32655373215675354
-0.05648208037018776
0.03397860378026962
-0.01151763554662466
-0.2649572193622589
0.23714804649353027
-0.1441160887479782
-0.22286278009414673
0.08821115642786026
-0.6253871917724609
0.35327258706092834
0.3431604206562042
-0.281662255525589
-0.07588869333267212
-0.02857971377670765
-0.12472961097955704
-0.07031991332769394
-0.12011943012475967
-0.20056676864624023
0.012209693901240826
-0.09399084746837616
0.14788933098316193
0.10424814373254776
-0.24656283855438232
-0.06733381003141403
-0.1412111222743988
-0.1359999030828476
-0.12648595869541168
-0.2607520520687103
-0.4305052161216736
-0.2592690587043762
-0.13867054879665375
-0.07587316632270813
-0.33115991950035095
-0.1532381772994995
-0.019086936488747597
-0.23347033560276031
0.18448317050933838
0.059689462184906006
0.299500435590744
0.2345646470785141
0.04356358200311661
-0.12880930304527283
0.012579681351780891
0.23467803001403809
0.3336334228515625
0.134434774518013
0.038911182433366776
-0.049317169934511185
0.23490923643112183
0.15758223831653595
0.3348347544670105
0.4364931583404541
0.04592373967170715
0.3780224323272705
0.18325577676296234
-0.10246697068214417
-0.4273777902126312
-0.14120274782180786
-0.3371381163597107
0.3000236749649048
-0.16410672664642334
-0.10951314121484756
-0.11522866040468216
-0.07351882755756378
-0.03388497233390808
-0.35097047686576843
0.009765117429196835
-0.009595535695552826
0.059456635266542435
-0.03439287096261978
