0.2951371669769287
0.011656261049211025
-0.034952983260154724
-0.2927873134613037
0.09971389919519424
0.4383631646633148
-0.5846099257469177
0.04084077477455139
0.2764328718185425
-0.329341322183609
-5.620047159027308e-05
-0.18250375986099243
0.41767165064811707
0.17801031470298767
-0.1304207742214203
-0.06569497287273407
-0.07332953065633774
0.7874920964241028
-0.0168863944709301
-0.026346376165747643
0.5085251331329346
0.3459855318069458
-0.5016111135482788
-0.09968975186347961
0.35710304975509644
-0.0071168323047459126
-0.2395772635936737
0.007280212361365557
-0.12845440208911896
0.18908509612083435
-0.07499691098928452
-0.401890367269516
0.7164579629898071
0.8076922297477722
1.0959604978561401
-0.3357188403606415
1.5316892862319946
0.2012879103422165
-0.08310642093420029
-0.053338054567575455
1.2195719480514526
0.0442761592566967
0.47247323393821716
0.8904207348823547
0.41188299655914307
0.4189263582229614
-0.07339924573898315
0.8661272525787354
-0.1570206582546234
0.8441300392150879
0.13012415170669556
-0.5752164721488953
0.33724692463874817
0.3488570749759674
-0.7640069723129272
-0.28918978571891785
0.30265721678733826
-0.01354229636490345
0.19405652582645416
0.2652643024921417
0.01105981133878231
0.3714748024940491
0.1632421314716339
-0.6043446660041809
