0.010954868979752064
-0.11880920082330704
-0.3051207959651947
0.15738609433174133
-0.0701230987906456
-0.009504484944045544
-0.30966877937316895
0.08105559647083282
-0.03413153439760208
-0.33422550559043884
-0.2223464846611023
-0.05097811296582222
-0.12931939959526062
-0.035851750522851944
-0.13409504294395447
0.07405884563922882
-0.34282827377319336
-0.006476670037955046
-0.162981316447258
-0.031885359436273575
-0.33903026580810547
-0.1715497225522995
-0.2464551329612732
-0.32785022258758545
-0.2375752478837967
-0.026207327842712402
-0.0956234335899353
-0.08815302699804306
-0.10141722857952118
0.04130890965461731
-0.0676695704460144
-0.21061943471431732
0.08277265727519989
0.23078493773937225
0.29376599192619324
-0.05508173629641533
-0.11652106046676636
-0.04675133526325226
-0.00808870792388916
0.1757841408252716
-0.019349098205566406
0.13064686954021454
0.21882164478302002
0.09280364215373993
0.18313832581043243
0.10622861981391907
0.29447466135025024
0.014126191847026348
-0.465730756521225
-0.12489067018032074
-0.17694562673568726
-0.49183544516563416
-0.11290712654590607
-0.17549872398376465
-0.14531493186950684
-0.39010733366012573
-0.35660797357559204
-0.5523993372917175
-0.30822646617889404
-0.4483218789100647
-0.38203975558280945
-0.04052521660923958
-0.25318068265914917
-0.07757163047790527
0.22323188185691833
-0.5247958898544312
-0.19617168605327606
0.09508789330720901
0.012687528505921364
-0.23778142035007477
0.28205281496047974
0.15371021628379822
-0.05260040611028671
-0.14238497614860535
-0.31525948643684387
-0.3922649025917053
-0.1307424008846283
-0.321622371673584
-0.09145040065050125
-0.19972094893455505
0.22291168570518494
-0.19231677055358887
-0.21348397433757782
0.030965954065322876
0.0952162817120552
0.08532470464706421
0.3293493986129761
-0.387795627117157
-0.33462047576904297
-0.26518601179122925
-0.427089124917984
-0.6734607219696045
-0.06658495962619781
-0.37777769565582275
-0.2901501953601837
-0.27352288365364075
-0.17838263511657715
0.21662522852420807
0.07759642601013184
-0.2301221489906311
-0.4708060920238495
0.2333979308605194
-0.17671650648117065
-0.20785316824913025
-0.005452551878988743
0.01755964756011963
-0.21879424154758453
0.3013584017753601
0.09386487305164337
0.11251940578222275
0.12996718287467957
-0.2521333694458008
0.12842093408107758
-0.5938454270362854
-0.616618275642395
-0.07609932124614716
-0.10887588560581207
-0.432565301656723
0.30100563168525696
-0.4384259283542633
-0.2256995290517807
-0.5953043699264526
-0.3541141450405121
-0.711628794670105
-0.6230828166007996
-0.6025995016098022
-0.5057626366615295
-0.45380955934524536
-0.1429465115070343
-0.250412255525589
-0.4906500279903412
0.3719927966594696
-0.01283101737499237
-0.18369734287261963
-0.005509343463927507
-0.1724632829427719
-0.3196628987789154
-0.2935062348842621
-0.10232943296432495
-0.13559496402740479
-0.17521525919437408
-0.07587016373872757
-0.22449162602424622
-0.03313123807311058
-0.2567095160484314
-0.05612631514668465
-0.6051841974258423
0.04169820249080658
-0.08183205872774124
-0.03791984170675278
-0.0021060321014374495
-0.3779483139514923
-0.6213111281394958
-0.36202272772789
-0.227521613240242
-0.6299415230751038
-0.38783857226371765
0.07829952985048294
-0.3342978358268738
-0.3969608247280121
0.1786184459924698
0.41794559359550476
-0.10534097999334335
-0.21497637033462524
-0.2763191759586334
0.0995086282491684
0.006353020668029785
-0.22357869148254395
-0.2212367206811905
0.32363995909690857
0.27942949533462524
0.4335341453552246
0.08630641549825668
0.10350991785526276
0.03454684093594551
-0.3828529417514801
-0.22638452053070068
-0.5521302223205566
-0.40602201223373413
-0.1218368411064148
-0.43212005496025085
-0.6797831058502197
-0.11611105501651764
-0.4213700592517853
-0.732454776763916
-0.728492021560669
-0.5889655351638794
-0.8834055662155151
-0.628362774848938
-0.5911155939102173
-0.339439332485199
-0.28835490345954895
-0.40753883123397827
-0.3416770100593567
-0.3598671853542328
-0.056488342583179474
-0.13048599660396576
0.002570108976215124
-0.3038623631000519
-0.475779265165329
-0.15308572351932526
0.015392165631055832
-0.18198874592781067
-0.04421374946832657
-0.2307431548833847
-0.1539715677499771
-0.3071058988571167
0.033399034291505814
-0.1822309046983719
-0.3431274890899658
-0.4482779800891876
-0.07255743443965912
-0.21562105417251587
0.14179152250289917
-0.3557644784450531
-0.3728330731391907
-0.16454081237316132
-0.1853877305984497
-0.5661144852638245
-0.11274056136608124
-0.18238359689712524
0.11309344321489334
-0.19667251408100128
-0.25745564699172974
0.24237783253192902
0.1822364181280136
0.36151108145713806
0.08435367047786713
0.0013093040324747562
-0.156156986951828
0.24743013083934784
0.3730311095714569
0.19746939837932587
0.20450277626514435
0.14765304327011108
0.31530827283859253
0.1559874266386032
0.1485249400138855
0.139411062002182
0.07486417889595032
-0.2562069594860077
-0.40938639640808105
-0.2837958335876465
-0.17967088520526886
-0.2987961173057556
-0.17285999655723572
-0.4425433278083801
-0.5399643182754517
-0.5579413175582886
-0.3037818968296051
-0.3579980731010437
-0.42571398615837097
-0.2843315601348877
-0.29671743512153625
-0.5708205699920654
-0.4252088665962219
-0.4103538393974304
0.11168262362480164
-0.2874756455421448
0.1012955978512764
-0.16969506442546844
0.01338723674416542
-0.19967082142829895
-0.27018094062805176
-0.41964271664619446
-0.23808535933494568
-0.4567532241344452
-0.30773621797561646
-0.21577617526054382
-0.08702238649129868
-0.32224375009536743
-0.0644402951002121
-0.39937135577201843
-0.5065643787384033
-0.44778552651405334
-0.017467841506004333
-0.06380288302898407
0.16995200514793396
-0.3152983784675598
-0.4006654620170593
-0.04249019920825958
-0.16747072339057922
-0.12699046730995178
-0.27133840322494507
-0.3368348479270935
-0.17523552477359772
-0.3002329170703888
-0.20600587129592896
0.18106581270694733
0.4028911590576172
0.3935841917991638
0.03180783987045288
0.30168473720550537
0.2936817705631256
0.007855366915464401
0.11066152900457382
0.43959471583366394
0.1684177666902542
-0.09931907802820206
0.060035590082407
0.14010459184646606
0.17529787123203278
0.004933089017868042
0.024573035538196564
-0.3625630736351013
-0.2706354260444641
-0.2015378475189209
-0.07479104399681091
-0.41008076071739197
-0.06353579461574554
-0.04951711371541023
-0.4607076942920685
-0.39128878712654114
-0.39631032943725586
-0.5120335817337036
-0.28924691677093506
-0.5331632494926453
-0.42712393403053284
-0.3399786949157715
-0.2526674270629883
-0.27602019906044006
0.04232553392648697
0.29425403475761414
0.13998079299926758
0.2966969311237335
0.2940771281719208
0.0004028452094644308
0.16053014993667603
-0.18745778501033783
0.24337348341941833
-0.04436970502138138
0.1611393243074417
0.1747974008321762
0.20679014921188354
-0.16719669103622437
0.27547094225883484
0.22112666070461273
0.05114048719406128
0.05211065337061882
-0.07649923115968704
-0.09569887816905975
0.048149771988391876
0.21497026085853577
-0.0035320972092449665
0.34338322281837463
0.0478547103703022
0.08804987370967865
0.19319218397140503
-0.04122171550989151
0.1432608813047409
0.25430062413215637
0.06517067551612854
-0.17536413669586182
-0.41254010796546936
-0.2591630816459656
0.19274592399597168
0.13163277506828308
0.4029771089553833
0.07823184877634048
-0.2190702110528946
-0.0013757010456174612
-0.2667793929576874
-0.08536960184574127
-0.28347599506378174
0.031540390104055405
-0.07007920742034912
-0.05579148605465889
0.47786036133766174
0.05568801611661911
0.4681831896305084
0.42117220163345337
0.07421821355819702
0.3733985722064972
0.32243797183036804
-0.07469402253627777
0.14769360423088074
0.20763735473155975
0.4129623472690582
0.2472301423549652
0.4321528673171997
0.2751823663711548
0.20138169825077057
0.11243870109319687
0.22925545275211334
-0.4451892375946045
-0.19065576791763306
-0.2110535055398941
-0.09871806204319
-0.11715762317180634
-0.19911059737205505
-0.08800026029348373
-0.1960178166627884
-0.11204558610916138
-0.3712974786758423
-0.06180398538708687
-0.3502819538116455
-0.20056918263435364
-0.2368195354938507
0.0004131281457375735
0.25871264934539795
-0.06889454275369644
0.04247453063726425
-0.37459465861320496
-0.16693837940692902
-0.31179964542388916
-0.1935146600008011
-0.3048679530620575
-0.3237806558609009
-0.3386003077030182
-0.13388435542583466
-0.3142518699169159
-0.2124285101890564
-0.40038058161735535
-0.3338013291358948
-0.22633829712867737
-0.13387154042720795
0.1218835711479187
0.47563436627388
0.19164234399795532
-0.049070242792367935
0.14787925779819489
0.21722719073295593
0.21937206387519836
-0.07228471338748932
-0.003118150867521763
0.053007327020168304
-0.015546665526926517
0.24979451298713684
-0.0767420083284378
-0.04208048805594444
-0.08575410395860672
-0.10286273062229156
-0.22437365353107452
-0.5279103517532349
-0.31147921085357666
-0.4357123374938965
-0.35406896471977234
-0.24347420036792755
-0.2628944516181946
-0.2764665484428406
-0.4354165494441986
-0.6019428968429565
-0.6166759133338928
-0.39065560698509216
-0.32292771339416504
-0.5373704433441162
-0.49344658851623535
-0.26157623529434204
-0.13706260919570923
0.15465229749679565
-0.2156219780445099
-0.3748420476913452
-0.2539907991886139
0.11750507354736328
-0.2350325584411621
-0.12838992476463318
0.2264687716960907
0.05636775121092796
-0.11327825486660004
-0.023765865713357925
0.05115511268377304
-0.2041890025138855
0.0462651401758194
0.28422659635543823
-0.08117930591106415
0.33749768137931824
-0.07234790176153183
-0.37825605273246765
-0.3682842552661896
0.17146138846874237
0.04308908060193062
0.037005212157964706
0.04215053468942642
-0.041677169501781464
-0.06834855675697327
-0.20220890641212463
-0.022843148559331894
0.05832935869693756
0.0068750460632145405
0.07844514399766922
0.03494109585881233
0.14780616760253906
-0.11611825972795486
-0.12423516809940338
0.11069804430007935
0.1678648442029953
-0.013259927742183208
-0.01822694018483162
0.09892721474170685
0.24593350291252136
0.166817769408226
0.138652965426445
0.3177805542945862
0.05585233122110367
0.2992914617061615
-0.13543368875980377
-0.3064124584197998
-0.07591012120246887
-0.04933217912912369
-0.20521511137485504
-0.24663527309894562
0.19905507564544678
-0.14746379852294922
-0.15294739603996277
-0.23604291677474976
0.16073057055473328
-0.06527574360370636
0.057230617851018906
-0.37893667817115784
-0.06354764848947525
-0.07368403673171997
0.1481151133775711
-0.2132156938314438
0.13681000471115112
0.04185028374195099
-0.129424050450325
-0.012986903078854084
0.11947290599346161
-0.06473995000123978
-0.13539956510066986
0.16472111642360687
-0.15986494719982147
-0.06606365740299225
-0.06345073133707047
-0.1772918403148651
-0.3535190522670746
-0.19674450159072876
-0.07519160211086273
-0.1105961725115776
-0.19867010414600372
-0.2037230283021927
-0.03452451899647713
0.22336722910404205
0.028050445020198822
-0.18220601975917816
-0.326384574174881
-0.1381271332502365
-0.21338003873825073
-0.13090789318084717
-0.09214280545711517
-0.23543725907802582
-0.3748021423816681
0.02076011896133423
-0.20743122696876526
0.08407214283943176
0.02436884306371212
0.05466441437602043
0.13718248903751373
-0.03650385141372681
0.2540217638015747
0.015101291239261627
-0.18374454975128174
0.18733562529087067
-0.14894726872444153
-0.16527019441127777
0.35962235927581787
-0.0519883818924427
-0.09386511147022247
0.14334896206855774
0.14504343271255493
-0.5081694722175598
0.06773778051137924
-0.23510943353176117
-0.06270259618759155
-0.1634860336780548
0.19168412685394287
-0.34458741545677185
-0.13283072412014008
-0.16747668385505676
-0.2924027740955353
0.0007463835645467043
-0.371886283159256
-0.24668757617473602
-0.24728043377399445
-0.32630112767219543
0.10635372251272202
-0.1965050846338272
0.1126529797911644
-0.20311105251312256
-0.5546929836273193
-0.257207989692688
0.0671226903796196
-0.03638347238302231
0.11371727287769318
0.0696268156170845
0.13379691541194916
0.013132396154105663
-0.29725584387779236
0.29426056146621704
0.044054701924324036
0.2635745704174042
0.33458012342453003
-0.1442445069551468
0.03836412727832794
0.18562103807926178
-0.10087908059358597
-0.2763151228427887
0.22075794637203217
-0.11654242128133774
0.14104650914669037
0.011741462163627148
0.057718466967344284
0.07942541688680649
0.1731928586959839
-0.10872384905815125
0.09089048951864243
0.03188853710889816
-0.1538182944059372
-0.12673768401145935
-0.06394173204898834
-0.05366402491927147
-0.06956685334444046
-0.1785448044538498
0.20291855931282043
-0.15263968706130981
0.11170946061611176
0.16319845616817474
-0.006848564837127924
0.2674226760864258
0.1868559718132019
0.2515484094619751
-0.0713726133108139
0.2855347990989685
0.16079410910606384
-0.14338403940200806
0.26207977533340454
0.05279647931456566
-0.48419225215911865
-0.4264146685600281
0.14449165761470795
-0.4210291802883148
0.17090873420238495
-0.014182358980178833
0.025711432099342346
0.08324987441301346
-0.031403351575136185
-0.06101240962743759
-0.1347586065530777
0.12730276584625244
-0.1113065779209137
-0.1613251268863678
0.06146475300192833
0.27837204933166504
-0.23379108309745789
-0.051643118262290955
-0.06925962120294571
0.15209129452705383
0.0097354082390666
0.05182335898280144
0.11588627845048904
0.016827678307890892
0.08125077933073044
0.12511186301708221
-0.39240625500679016
-0.057396430522203445
0.13198412954807281
-0.29882878065109253
0.27621990442276
-0.15540356934070587
-0.22276413440704346
-0.10962045192718506
0.10388004779815674
-0.17265799641609192
0.05216068774461746
0.04276406019926071
0.18301066756248474
-0.13147899508476257
0.10142471641302109
0.11878661066293716
0.07751955091953278
0.02360464632511139
-0.1671430468559265
-0.15883345901966095
-0.2178172767162323
0.016157113015651703
0.13031403720378876
-0.12435247004032135
0.3803369104862213
0.02893468551337719
0.05870342627167702
0.21517261862754822
0.0714167132973671
0.044295188039541245
-0.15928241610527039
-0.14460808038711548
0.07780326902866364
-0.0881851315498352
0.02255222760140896
-0.4447519779205322
0.16962914168834686
-0.013892325572669506
-0.5535629987716675
-0.26694777607917786
0.05935829132795334
-0.25174927711486816
-0.10932102799415588
-0.04941330850124359
0.21156726777553558
-0.007953716441988945
0.10033027827739716
-0.06954125314950943
-0.06696163862943649
0.1800478845834732
0.0091848811134696
0.19268837571144104
0.04146287962794304
-0.07004232704639435
-0.2726532816886902
-0.3129025995731354
0.05844094976782799
0.09522044658660889
-0.016534093767404556
0.24142925441265106
-0.07371939718723297
0.24593065679073334
-0.012406839989125729
0.1827770322561264
-0.06628797203302383
0.1831633746623993
0.19888345897197723
-0.03385533392429352
0.1879495233297348
0.18182945251464844
-0.196955606341362
-0.25108659267425537
0.2015591859817505
-0.13861577212810516
0.28093189001083374
0.18202552199363708
0.3256165385246277
0.2963523268699646
0.42883121967315674
0.4748568534851074
0.4751548171043396
0.27916786074638367
0.0673220157623291
-0.07291729748249054
-0.013832569122314453
-0.2681821286678314
-0.2568822503089905
-0.08782538771629333
0.5578847527503967
-0.16617651283740997
-0.033928535878658295
-0.10195760428905487
0.24622157216072083
0.07561434060335159
0.25313690304756165
0.1111312136054039
0.24229665100574493
0.1837979257106781
0.18995726108551025
-0.11406263709068298
0.21383541822433472
-0.010573780164122581
-0.2712155282497406
-0.20364075899124146
0.09290999174118042
-0.17272262275218964
-0.010919314809143543
0.05892947316169739
0.031445279717445374
0.10785023868083954
0.09286919236183167
0.34960854053497314
0.10718352347612381
-0.1015961691737175
-0.02108118124306202
-0.17115436494350433
-0.11236152797937393
-0.029110021889209747
-0.18659235537052155
-0.07903505116701126
-0.0848994329571724
-0.224030539393425
0.21483628451824188
0.01143485028296709
0.05183105915784836
-0.13428141176700592
0.16842786967754364
0.18142230808734894
-0.26697447896003723
0.14913755655288696
0.03749407082796097
-0.041400473564863205
0.10175246000289917
-0.07086564600467682
-0.29676008224487305
-0.11901180446147919
0.24394993484020233
-0.0467192567884922
0.1415451169013977
0.16993588209152222
0.12142519652843475
0.051451265811920166
0.38000717759132385
-0.004524159245193005
-0.12231037020683289
0.06171097978949547
-0.02704397775232792
0.1814078390598297
-0.23435010015964508
-0.20229606330394745
-0.2163534313440323
-0.04110603779554367
0.24717488884925842
0.02457951195538044
0.11978346109390259
0.204988032579422
0.21570833027362823
0.17132136225700378
0.0025987611152231693
-0.017270412296056747
-0.08906137943267822
0.29046010971069336
0.10084210336208344
-0.1387266367673874
0.286966472864151
-0.19345037639141083
-0.01492539793252945
-0.21250618994235992
0.12191256880760193
-0.2756410241127014
0.15832863748073578
0.057112064212560654
0.1667126715183258
-0.1682746857404709
0.0468774288892746
0.15038760006427765
0.1946740746498108
-0.009509208612143993
0.06971453130245209
0.012651460245251656
-0.18814270198345184
-0.2506397068500519
-0.30177566409111023
-0.12610949575901031
-0.03590937703847885
-0.4737207889556885
0.12442662566900253
0.09503380954265594
0.1631268858909607
0.12876847386360168
0.07674509286880493
0.233726367354393
-0.08691848069429398
0.33508265018463135
-0.08776379376649857
-0.03496836870908737
0.37951478362083435
0.31261754035949707
-0.17584635317325592
-0.20113630592823029
0.2374551147222519
-0.22783370316028595
0.193714439868927
0.006987664382904768
0.2519398629665375
0.2781613767147064
0.15053027868270874
0.24342592060565948
0.26304906606674194
0.35557395219802856
-0.05013181269168854
-0.17990365624427795
-0.32805463671684265
-0.0908292680978775
-0.06023334339261055
0.012501291930675507
0.49725377559661865
0.007227133959531784
0.033000972121953964
0.23566585779190063
0.09766821563243866
0.17633211612701416
0.3998250961303711
0.6084958910942078
0.15638653934001923
0.2849328815937042
-0.002010062336921692
-0.24882270395755768
0.0841277465224266
0.0060187289491295815
-0.3949333429336548
-0.41662076115608215
0.012077517807483673
-0.33049964904785156
0.03329106792807579
0.05189325287938118
0.1701272577047348
-0.2130473256111145
0.21842636168003082
0.33974847197532654
0.1479616016149521
0.27324748039245605
0.1385122537612915
-0.16971617937088013
0.12508590519428253
-0.024712471291422844
-0.1122322604060173
-0.09507947415113449
0.15128500759601593
-0.01340166199952364
-0.018541045486927032
-0.02569114789366722
0.2834128439426422
-0.10054894536733627
-0.25402525067329407
-0.1000143513083458
-0.17241929471492767
0.09994427114725113
0.07451300323009491
-0.1699165552854538
-0.019636893644928932
0.01371894869953394
-0.358612984418869
-0.023456774652004242
-0.028120217844843864
-0.27136313915252686
0.22576548159122467
0.08998169749975204
-0.05693161487579346
0.02768872305750847
-0.05135823413729668
0.30035972595214844
0.12209014594554901
0.1624838411808014
-0.09071870893239975
-0.06538163870573044
-0.1783604472875595
-0.07542915642261505
0.14488054811954498
0.1862061619758606
0.22523388266563416
0.19048890471458435
-0.0931880995631218
0.006574543658643961
-0.012706608511507511
0.16128310561180115
-0.00715671619400382
0.015352638438344002
0.1373639851808548
0.3805614709854126
0.03620477020740509
-0.10380291193723679
-0.031849101185798645
-0.11601521819829941
-0.26173409819602966
-0.4065401554107666
-0.03249896690249443
-0.24483990669250488
0.01329539529979229
-0.11862386018037796
-0.07272990792989731
0.19003410637378693
0.08817759156227112
0.30284619331359863
0.17450644075870514
0.1609220653772354
0.052820850163698196
-0.07930440455675125
0.023128433153033257
0.23025934398174286
0.2876446843147278
0.33368897438049316
0.018751734867691994
-0.022608749568462372
-0.10440510511398315
0.25195688009262085
0.25381889939308167
0.032900385558605194
0.044268254190683365
0.03475845232605934
0.03580367565155029
0.03376638516783714
0.08464529365301132
-0.04225809872150421
-0.1629839986562729
-0.05851050466299057
0.19852086901664734
0.432139128446579
-0.26406803727149963
0.19839505851268768
0.17140603065490723
0.3544284999370575
0.08090579509735107
0.036743540316820145
0.11897853016853333
-0.1974853128194809
0.008301334455609322
0.022973336279392242
0.10134894400835037
0.06355826556682587
-0.21168935298919678
0.04457715526223183
0.022594725713133812
-0.05893854796886444
-0.09961908310651779
-0.11886795610189438
-0.18189015984535217
-0.01706574112176895
-0.19141538441181183
-0.35552453994750977
-0.4972916841506958
-0.015835652127861977
-0.1101665198802948
-0.13020364940166473
0.13014820218086243
0.12244860827922821
0.272503525018692
0.6102283596992493
0.21279427409172058
0.5483471751213074
0.4121054708957672
0.2901571989059448
0.2695176899433136
0.5739543437957764
0.13247381150722504
0.301462858915329
-0.02057102881371975
0.31278058886528015
0.08888141810894012
0.22009767591953278
0.09820140153169632
