0.4396341145038605
-0.009162750095129013
0.16525177657604218
0.36129096150398254
0.4907279908657074
-0.013805918395519257
0.4730975031852722
-0.12247468531131744
0.48048847913742065
0.44122910499572754
-0.0061716740019619465
-0.14573805034160614
-0.28426215052604675
0.09964559972286224
0.32816174626350403
0.30811163783073425
0.07937765121459961
0.004791410639882088
-0.22699111700057983
0.0028963855002075434
-0.2206043303012848
0.29697078466415405
0.18530568480491638
-0.45133888721466064
0.1842108815908432
0.32036131620407104
0.1444469839334488
0.26811766624450684
-0.07111645489931107
-0.4021073579788208
0.35663706064224243
-0.11482153087854385
-0.7486810088157654
-0.0037758282851427794
0.17301972210407257
0.1564675271511078
0.19947029650211334
-0.07827121019363403
-0.6043148040771484
-0.13115082681179047
-0.4505256116390228
0.38644227385520935
-0.039636727422475815
0.08535835146903992
-0.5038473606109619
-0.1466306746006012
-0.2104361355304718
0.2640089988708496
-0.41164496541023254
0.13357126712799072
0.17726798355579376
0.445713073015213
0.28219085931777954
-0.1368885189294815
-0.3521822690963745
0.11089056730270386
0.1321708709001541
-0.13487151265144348
0.24145524203777313
0.40867042541503906
0.6910430192947388
0.1406855285167694
-0.2658327519893646
0.3869033455848694
