-0.27567699551582336
0.41545313596725464
-0.050482314079999924
0.09367436170578003
-0.07293741405010223
0.5149180293083191
-0.1689034104347229
-0.5553675293922424
-0.03720258176326752
-0.26121214032173157
-0.15080180764198303
0.181926891207695
-0.12942296266555786
-0.049689941108226776
-0.4861699342727661
-0.027679461985826492
0.21665996313095093
0.31404292583465576
0.03970852494239807
0.42618903517723083
0.02124786749482155
0.1392427384853363
-0.39826998114585876
-0.18499653041362762
0.036909688264131546
0.41556409001350403
-0.04465310648083687
-0.07442165911197662
-0.45625340938568115
-0.09043889492750168
0.2643490731716156
-0.2964853346347809
-0.20703142881393433
-0.026872972026467323
0.5855616927146912
0.4029494822025299
0.2876637279987335
-0.4701581299304962
0.24905721843242645
0.23781169950962067
-0.0834951177239418
0.2160784751176834
0.33593350648880005
-0.10457748919725418
-0.5480026006698608
-0.011326568201184273
-0.6417951583862305
-0.06776649504899979
-0.1240367591381073
-0.2247306853532791
0.05905362218618393
0.007926644757390022
-0.11148768663406372
-0.05668497085571289
-0.12153009325265884
-0.23401479423046112
-0.3482478857040405
0.02808578684926033
0.06030390411615372
0.014492773450911045
-0.25007402896881104
-0.08244378119707108
-0.14581388235092163
0.09773172438144684
0.13777534663677216
-0.1275177001953125
0.22257235646247864
0.1863126903772354
-0.3160021901130676
0.5005128979682922
-0.06192193180322647
-0.39814579486846924
-0.41102334856987
-0.11406511813402176
-0.4344339072704315
0.4192858040332794
-0.09380742162466049
0.30548810958862305
-0.04842609167098999
-0.10574921220541
0.4050840437412262
-0.5408415794372559
-0.29336243867874146
-0.2369987964630127
0.12141311168670654
0.042045608162879944
0.21301618218421936
0.07738077640533447
0.049757108092308044
-0.24655628204345703
-0.07419886440038681
0.09938168525695801
-0.2744051218032837
0.16886118054389954
0.08485547453165054
0.13857293128967285
0.03509161248803139
-0.37958824634552
-0.3847067952156067
-0.30685123801231384
-0.33391469717025757
0.27945899963378906
0.09130565077066422
-0.08603573590517044
0.08641429245471954
0.21746540069580078
-0.0962483137845993
-0.5132825970649719
-0.10731024295091629
0.046703312546014786
-0.2947048842906952
-0.40974459052085876
0.14189203083515167
-0.26389461755752563
0.5438870787620544
-0.2734043300151825
0.1866445392370224
0.06292416155338287
0.17234936356544495
-0.14359381794929504
0.42589086294174194
0.34873342514038086
-0.07043038308620453
-0.11646469682455063
-0.059979576617479324
0.06155897676944733
-0.0011604537721723318
-0.03415168076753616
0.17061540484428406
-0.31991705298423767
0.23120976984500885
0.5880070924758911
0.17521096765995026
1.0768307447433472
0.15013346076011658
0.4823927879333496
-0.013335627503693104
-0.03158772364258766
0.1876961588859558
0.2956606447696686
-0.4531180262565613
0.019577302038669586
-0.9326888918876648
0.1034126877784729
0.5083773732185364
0.06427557021379471
0.011664453893899918
-0.4538315534591675
-0.6121199131011963
0.6032244563102722
0.4102649390697479
0.03682927414774895
-0.12801548838615417
-0.3827948570251465
-0.007561038713902235
-0.198267862200737
-0.20429567992687225
-0.05256183445453644
-0.9288866519927979
-0.07217477262020111
-0.23394404351711273
0.38681456446647644
0.1370987743139267
-0.36268746852874756
-0.24172590672969818
-0.542955219745636
-0.28699395060539246
-0.04730349779129028
-0.46326059103012085
0.22756540775299072
-0.013500005938112736
0.0431990884244442
-0.20982973277568817
-0.328081339597702
-0.7409922480583191
-0.28980371356010437
0.22889937460422516
0.04348107799887657
0.5494672656059265
0.41073378920555115
-0.3576846420764923
0.2825559973716736
0.151468887925148
-0.06196567788720131
0.3031746745109558
0.020996656268835068
0.38483500480651855
0.07494080066680908
0.2794175148010254
0.2567104399204254
0.0065035452134907246
0.06631452590227127
0.1376706212759018
-0.30629128217697144
0.1841077208518982
-0.21616674959659576
-0.29530829191207886
0.016690731048583984
-0.1579977571964264
0.32094916701316833
0.1099836677312851
0.22355297207832336
0.38845667243003845
-0.19443736970424652
0.0014393393648788333
-0.13048599660396576
-0.4595153033733368
0.12417081743478775
0.3085955083370209
0.33600494265556335
0.10050933808088303
-0.2635171711444855
-0.5868570804595947
0.18368497490882874
-0.06654760241508484
-0.1058737114071846
-0.12361606955528259
0.02847966179251671
0.12879851460456848
0.139539435505867
0.24171029031276703
-0.22152060270309448
-0.05631381273269653
0.032872263342142105
-0.2062193602323532
-0.015153973363339901
0.20962385833263397
-0.21186968684196472
-0.3416447043418884
-0.169539675116539
-0.29356563091278076
-0.2545783817768097
-0.41021332144737244
0.18262973427772522
-0.09130438417196274
0.03164440020918846
0.029159752652049065
-0.1252518594264984
-0.13080108165740967
0.07438714057207108
-0.032605405896902084
0.29649195075035095
0.4580385386943817
-0.2495177984237671
-0.2667510211467743
0.018138008192181587
-0.09070843458175659
-0.10861807316541672
0.23926395177841187
0.054158423095941544
0.5985507965087891
0.32028675079345703
0.2667791545391083
-0.007771441712975502
0.11026792228221893
-0.03856344148516655
0.11636613309383392
-0.29242807626724243
0.39919978380203247
0.007171472534537315
-0.2450435757637024
-0.08499995619058609
0.09531592577695847
0.3200180232524872
0.02589881606400013
0.08324697613716125
-0.1917494535446167
-0.18665623664855957
-0.3737671673297882
-0.1581774801015854
-0.774129331111908
0.20792825520038605
0.3066428303718567
0.3588814437389374
0.155257910490036
-0.3604264259338379
-0.4991407096385956
-0.22954486310482025
-0.03977648913860321
0.025320788845419884
0.1515781134366989
0.19037581980228424
0.20320989191532135
0.372564435005188
-0.1763886958360672
0.050118252635002136
0.2009919285774231
0.06494570523500443
0.1987432837486267
0.34215739369392395
0.11019830405712128
0.001248110318556428
-0.06284741312265396
0.32900479435920715
-0.15439444780349731
0.07997535169124603
-0.3410768210887909
0.4306756556034088
0.038596756756305695
-0.15658217668533325
-0.2892600893974304
-0.31036725640296936
-0.349619597196579
0.3488803505897522
-0.18806856870651245
0.14307481050491333
0.43159809708595276
-0.1800556480884552
-0.23787644505500793
-0.15679988265037537
-0.18893294036388397
-0.04361457750201225
0.13860496878623962
-0.048940934240818024
0.2086719572544098
0.2845252454280853
0.2705170512199402
-0.06794632226228714
-0.08510258793830872
-0.16835570335388184
0.13677184283733368
-1.5068563222885132
0.3754185736179352
-0.2651198208332062
0.06976702064275742
0.0750669538974762
-0.31372562050819397
-0.6438725590705872
0.26214292645454407
-0.0636952668428421
0.013880733400583267
0.45961707830429077
-0.46922025084495544
-0.5878632068634033
0.06306818872690201
-0.03197995945811272
-0.22393359243869781
0.015014915727078915
0.7850466966629028
0.01301453448832035
-0.03006422147154808
-0.11042185872793198
-0.017428958788514137
-0.47588011622428894
-0.2903341054916382
-0.030674129724502563
-0.13096977770328522
0.18244193494319916
-0.5114084482192993
-0.3682249188423157
-0.2874937951564789
0.24061037600040436
-0.28782686591148376
0.13831356167793274
0.5227693319320679
0.3299107253551483
0.4439431130886078
-0.22421209514141083
0.3280393183231354
0.3045751750469208
0.40995314717292786
-0.13996416330337524
0.1293463259935379
0.34869399666786194
0.5323961973190308
0.30113446712493896
0.34611448645591736
0.1202608272433281
0.11847558617591858
0.11136157065629959
0.4473332166671753
-0.4341302216053009
-0.07250725477933884
-0.2110230028629303
-0.06720534712076187
-0.3297024965286255
-0.6104647517204285
0.19662749767303467
-0.3693733811378479
-0.27807751297950745
-0.16437530517578125
-0.15322691202163696
-0.556215763092041
0.026850655674934387
-0.1929539144039154
0.1979178786277771
-0.19371870160102844
0.23538222908973694
-0.1233314648270607
0.18948127329349518
0.019046584144234657
-0.6238054037094116
0.0869101732969284
-0.19812247157096863
0.1291755735874176
0.14966127276420593
-0.05217975005507469
0.1033795028924942
-0.5674096345901489
0.030114315450191498
0.06951810419559479
0.6287939548492432
0.3291272222995758
0.4586178958415985
0.009938498958945274
-0.09087324887514114
-0.12598398327827454
-0.19247154891490936
0.38497307896614075
0.29201656579971313
-0.059792257845401764
-0.49998265504837036
-0.03720105439424515
-0.10730848461389542
0.4843010902404785
-0.20206624269485474
-0.2601606547832489
0.21323829889297485
0.20768354833126068
0.5325148105621338
0.29313018918037415
-0.39026665687561035
-0.18931329250335693
0.29278525710105896
-0.2339486926794052
0.670812726020813
0.2519630789756775
-0.03301624208688736
-0.7608057260513306
-0.18721753358840942
-0.6566412448883057
-0.19207537174224854
-0.306313693523407
0.3182235360145569
0.35663285851478577
0.03232482075691223
-0.20260274410247803
-0.07141375541687012
-0.3000258803367615
-0.40074798464775085
-0.1978462040424347
-0.058339692652225494
0.21406951546669006
0.2508642077445984
-0.1993582546710968
-0.08803533017635345
0.04394013062119484
0.05677847936749458
-0.17224723100662231
0.46369099617004395
-0.2851840555667877
-0.0421479232609272
-0.5274852514266968
0.6392679214477539
-0.1016048789024353
-0.8200839757919312
-0.2733210027217865
0.29438650608062744
0.021213771775364876
0.32531362771987915
0.18573476374149323
0.6755123734474182
-0.40679365396499634
0.033783163875341415
0.0700141191482544
-0.30349722504615784
-0.19225406646728516
-0.07399957627058029
0.15527434647083282
0.00515007134526968
-0.3896385729312897
-0.08887442201375961
0.40113022923469543
-0.12923777103424072
0.34105101227760315
-0.5152822136878967
-0.33097323775291443
0.3519541919231415
-0.1252882182598114
-0.333604097366333
-0.06253228336572647
0.4042355418205261
0.275982141494751
0.020230989903211594
-0.06806214153766632
-0.15584351122379303
-0.019571339711546898
0.12344426661729813
0.15483567118644714
-0.02145138755440712
0.011688141152262688
-0.27479419112205505
-0.07045157998800278
-0.020762305706739426
-0.39674389362335205
-0.13288575410842896
-0.01257456373423338
0.016948821023106575
-0.13706304132938385
-0.2441205382347107
-0.29536205530166626
-0.13519203662872314
-0.07324936985969543
0.12146438658237457
0.036943670362234116
-0.17102406919002533
-0.14020127058029175
0.0084792859852314
0.020486729219555855
0.524540901184082
-0.14439505338668823
0.1516484171152115
-0.04025406017899513
0.30450108647346497
-0.004552781581878662
0.00877192709594965
-0.23930621147155762
0.2839111089706421
-0.2564028799533844
-0.3095836639404297
0.1095040813088417
0.13447260856628418
-0.014225168153643608
0.16165268421173096
0.08501068502664566
0.2509106993675232
0.058105990290641785
-0.12698563933372498
-0.13038696348667145
-0.0013266728492453694
-0.04438232257962227
0.47687864303588867
0.3723759055137634
-0.14529886841773987
-0.17068792879581451
0.0516759417951107
0.1853318214416504
-0.023380259051918983
0.1521439403295517
-0.5915209650993347
0.06502638757228851
0.09988289326429367
0.08305343240499496
-0.2853235602378845
-0.13371863961219788
-0.3055325448513031
0.226575568318367
-0.024791620671749115
0.045591872185468674
-0.11831287294626236
0.1642715185880661
0.18385116755962372
-0.20949774980545044
0.20863261818885803
0.09654022753238678
0.2306220531463623
-0.21319501101970673
-0.0361330471932888
-0.0705491304397583
0.040577229112386703
0.1851140260696411
0.1699042171239853
-0.3280532658100128
0.026252979412674904
-0.2916547954082489
-0.4140807092189789
-0.03379395231604576
-0.15233708918094635
-0.20236408710479736
0.04791779816150665
-0.47919437289237976
-0.5054321885108948
-0.16135096549987793
0.23593378067016602
-0.060331400483846664
-0.06560128182172775
0.02397674135863781
0.19427447021007538
0.3077954053878784
0.04686634987592697
0.059638459235429764
-0.24749556183815002
0.21391013264656067
0.05681009963154793
0.15788599848747253
0.39940837025642395
-0.02526000142097473
-0.3533004820346832
0.04704517871141434
-0.2204812467098236
0.6638550162315369
0.07629793137311935
-0.05661020055413246
-0.36140158772468567
0.1625892072916031
-0.39955687522888184
-0.0511549673974514
-0.0937606617808342
0.3717229962348938
-0.10765952616930008
-0.29272720217704773
-0.2874346375465393
0.17355753481388092
0.3791850805282593
0.28875330090522766
-0.15267035365104675
-0.495493620634079
0.4822230041027069
0.273724764585495
-0.08104989677667618
-0.11654962599277496
-0.19411441683769226
-0.22839753329753876
0.1516578495502472
-0.2514360249042511
-0.33828872442245483
0.030791081488132477
-0.0420827716588974
-0.17835275828838348
-0.17488639056682587
0.5221121907234192
-0.02201800048351288
0.17782455682754517
-0.15423254668712616
0.2921585142612457
-0.27555176615715027
0.23765072226524353
-0.15509794652462006
0.3795236647129059
0.21998390555381775
0.09073170274496078
0.09860801696777344
-0.02110840566456318
0.18664230406284332
0.11073566973209381
-0.08756925165653229
0.017423531040549278
-0.3769446611404419
-0.2444061040878296
0.009980852715671062
-0.15248209238052368
-0.10280049592256546
-0.231744647026062
-0.4081730842590332
-0.47695988416671753
0.2934263050556183
0.021943170577287674
-0.276252418756485
-0.02035818248987198
0.029062945395708084
-0.4911803603172302
0.18962973356246948
-0.1784120500087738
0.12492074817419052
-0.2581123411655426
-0.36010149121284485
0.015063347294926643
-0.5677654147148132
-0.011414187960326672
0.26977792382240295
0.11611621081829071
0.1292095184326172
-0.04413365572690964
0.10531674325466156
0.22929808497428894
-0.09381978958845139
-0.22670499980449677
-0.35279780626296997
-0.2213454693555832
-0.010252387262880802
0.11067801713943481
-0.5320037007331848
0.09791311621665955
0.015120640397071838
0.37713852524757385
0.04703177884221077
0.24563390016555786
-0.10286587476730347
0.004204572178423405
0.3101784288883209
0.07281312346458435
-0.16397298872470856
-0.02395346760749817
-0.2735401391983032
-0.2901642620563507
-0.3833514153957367
-0.0554487369954586
-0.14466063678264618
-0.014963284134864807
-0.05141419172286987
-0.14156915247440338
-0.21466131508350372
-0.07500649988651276
-0.3965924382209778
-0.08320824801921844
-0.21877135336399078
0.11279184371232986
0.03144574910402298
-0.31279683113098145
-0.1939956247806549
-0.4676348865032196
0.2748987078666687
-0.19091838598251343
-0.17482450604438782
-0.06446228921413422
0.1980947107076645
0.4064255356788635
-0.11149058490991592
0.479272723197937
-0.18295331299304962
-0.1363597810268402
0.4603602886199951
-0.007176569662988186
-0.19914133846759796
0.3756023049354553
-0.22646065056324005
0.07542433589696884
-0.12261971086263657
0.1656593531370163
0.3065863251686096
0.312946617603302
0.522977888584137
0.6860079169273376
-0.23763033747673035
-0.4722149074077606
0.1723068505525589
0.21675539016723633
0.14740468561649323
-0.08190549165010452
-0.09237401932477951
0.25166425108909607
0.4363943040370941
0.20936377346515656
-0.01916266418993473
-0.015714062377810478
0.3500150144100189
-0.2675168514251709
-0.007853878661990166
-0.3431171774864197
-0.1925785392522812
-0.12398357689380646
0.017357701435685158
-0.10743498802185059
-0.4246503412723541
0.175860196352005
0.08278068155050278
-0.4861299991607666
0.08348126709461212
0.05914497748017311
0.0629349872469902
0.0457686223089695
-0.0719417855143547
0.133266881108284
0.42310234904289246
0.188254252076149
-0.2532810568809509
-0.0460321269929409
0.3222362697124481
-0.24226625263690948
0.426226943731308
-0.07381069660186768
0.16437701880931854
0.4302176237106323
0.49090486764907837
0.1889970898628235
0.14076931774616241
0.15338179469108582
0.1033184602856636
0.07148925960063934
-0.1788879632949829
-0.18322314321994781
-0.17136837542057037
-0.122603639960289
0.39707982540130615
-0.1630287915468216
-0.2595832645893097
0.19728580117225647
0.11086452007293701
-0.1538538932800293
0.4403620660305023
-0.06462226063013077
0.08598510921001434
-0.00385265308432281
-0.21327140927314758
-0.2598924934864044
-0.4576484262943268
-0.06160702183842659
-0.025948911905288696
0.09559915959835052
-0.05563642829656601
-0.11763264983892441
-0.13784243166446686
-0.2631116807460785
-0.1798853576183319
-0.21632051467895508
0.2872762084007263
-0.14539706707000732
0.15120138227939606
-0.12502560019493103
-0.26107338070869446
0.23750412464141846
0.23368492722511292
0.08537162095308304
0.061344582587480545
0.017703212797641754
-0.50136399269104
0.06696244329214096
0.24854321777820587
0.4059379994869232
-0.005884110927581787
0.07325728982686996
0.1249137669801712
0.2809925079345703
0.23306749761104584
0.15723438560962677
-0.0355277881026268
-0.07890745252370834
0.19319625198841095
-0.0354849211871624
-0.058413222432136536
-0.3967690169811249
-0.3102777898311615
0.0759042501449585
-0.2589210271835327
-0.26257744431495667
0.10906124114990234
-0.042455438524484634
-0.3266054391860962
0.02442912757396698
0.05178704857826233
-0.34771355986595154
0.016469229012727737
-0.24855086207389832
0.2725850045681
0.06729097664356232
-0.3034980297088623
-0.47618964314460754
0.07032160460948944
-0.12284252047538757
-0.3394288122653961
0.04202907904982567
-0.14688028395175934
-0.21651841700077057
0.4106881320476532
0.07231992483139038
0.03863753750920296
0.25043389201164246
-0.07621708512306213
-0.07913950085639954
0.003908607643097639
0.36047235131263733
0.12151535600423813
0.07875044643878937
-0.15897537767887115
-0.3081340789794922
0.05312005430459976
0.15270406007766724
0.22016026079654694
0.16842211782932281
-0.1785632073879242
0.004896824713796377
-0.046344175934791565
0.21768058836460114
-0.2563624680042267
-0.11593508720397949
0.08921798318624496
0.14911343157291412
0.11276400089263916
0.22112450003623962
-0.24091719090938568
-0.01573309116065502
0.2814218997955322
0.03073371760547161
0.09216434508562088
0.12014809995889664
0.05085562542080879
-0.5928505063056946
0.1420278698205948
0.007774995639920235
0.19393621385097504
-0.26764342188835144
0.02198873646557331
-0.24629303812980652
-0.07817749679088593
-0.09293631464242935
-0.2659786343574524
0.14590241014957428
0.10009120404720306
-0.09626969695091248
0.20091532170772552
-0.47001224756240845
-0.3257075250148773
-0.42205461859703064
0.13769756257534027
0.18765343725681305
-0.25500980019569397
0.09975286573171616
-0.018300633877515793
-0.13942162692546844
-0.39998170733451843
-0.28615570068359375
0.26555538177490234
-0.02025359496474266
-0.3811105787754059
0.14971502125263214
-0.28984755277633667
0.11425206810235977
0.4787741005420685
-0.20091485977172852
-0.2619461119174957
-0.5853700041770935
-0.1832398623228073
-0.3917357623577118
0.14459091424942017
0.22131136059761047
0.17523810267448425
0.15715889632701874
-0.14153257012367249
-0.15288224816322327
-0.3006693720817566
0.13098378479480743
0.1451546549797058
-0.056567393243312836
0.0742729902267456
-0.18335266411304474
-0.1883562058210373
0.07323292642831802
-0.4884324073791504
0.15961581468582153
0.4931863248348236
0.30105021595954895
0.0784820094704628
0.27616411447525024
-0.14025507867336273
0.5463159680366516
0.07591641694307327
0.403009831905365
0.0319756381213665
0.24762579798698425
0.24823033809661865
-0.2487010806798935
0.19278615713119507
0.00528702000156045
-0.01123667974025011
-0.10629799962043762
0.4561671316623688
-0.12121656537055969
-0.2598299980163574
-0.3705187737941742
-0.5128676295280457
-0.1731453686952591
-0.22599509358406067
-0.3418356478214264
0.06338110566139221
-0.15245117247104645
0.10001980513334274
-0.19729381799697876
-0.27421480417251587
0.009103816002607346
0.0040929559618234634
0.4280548393726349
-0.12002545595169067
0.3107345402240753
-0.25472593307495117
0.030412379652261734
-0.4048357605934143
0.16712075471878052
-0.09646947681903839
0.033572208136320114
0.24644094705581665
-0.13273519277572632
-0.026905039325356483
-0.312895804643631
-0.34095266461372375
-0.051242996007204056
-0.40314480662345886
0.24488499760627747
0.16650673747062683
-0.03298738971352577
-0.388754665851593
-0.378663033246994
0.03931194916367531
0.18063874542713165
-0.07309886813163757
0.06166570261120796
0.2446727603673935
0.19894297420978546
0.49178794026374817
-0.10754278302192688
-0.2573525607585907
-0.027242375537753105
-0.1681036353111267
0.2788980305194855
-0.08328311145305634
0.0038515902124345303
0.2498144805431366
-0.07524508237838745
0.14255893230438232
-0.029719673097133636
0.08880944550037384
0.065144382417202
-0.21036672592163086
0.27459385991096497
0.4075773060321808
0.07071294635534286
-0.013663901947438717
0.0035996714141219854
0.19615359604358673
-0.18377096951007843
0.1108277440071106
0.3307090699672699
-0.27992933988571167
0.06102343648672104
0.08374018967151642
-0.12837086617946625
0.010240091942250729
-0.020715776830911636
0.37306851148605347
0.44581809639930725
0.15978649258613586
0.3053455054759979
-0.20013655722141266
-0.18702340126037598
-0.2898845970630646
