0.2039867490530014
0.25721871852874756
0.12254992872476578
-0.033788472414016724
0.20561744272708893
0.1516963094472885
0.18324369192123413
0.09503237158060074
0.12133094668388367
-0.009760251268744469
0.18273097276687622
0.1928793042898178
-0.09523337334394455
0.19069090485572815
0.11361988633871078
0.11033102869987488
1.1777000427246094
1.2279729843139648
0.9753025770187378
1.1255602836608887
1.2628755569458008
1.0985463857650757
1.2438451051712036
1.2075380086898804
1.2179474830627441
1.1728107929229736
1.3414616584777832
1.2521028518676758
1.0072968006134033
1.308228611946106
1.471503496170044
1.1467984914779663
-0.012772703543305397
0.008103703148663044
0.011832782067358494
0.04660370945930481
-0.006226454395800829
-0.14872309565544128
-0.07028812915086746
-0.0741230845451355
-0.029949244111776352
0.015506560914218426
-0.04771852120757103
-0.061508674174547195
-0.04384994134306908
-0.034393105655908585
-0.0813337191939354
-0.02074114792048931
0.18922145664691925
0.1865142285823822
0.25634515285491943
0.12373440712690353
0.2729276418685913
0.19005216658115387
0.2765544652938843
0.19986513257026672
0.22386391460895538
0.060314930975437164
0.23688086867332458
0.23299913108348846
-0.007624341640621424
0.23096469044685364
0.5454508066177368
0.08628914505243301
