0.5218709707260132
-0.17942872643470764
0.09443651139736176
0.04503042995929718
0.2943199574947357
-0.22792939841747284
0.29007816314697266
0.2678200602531433
0.23404330015182495
0.2835071086883545
0.04336057975888252
-0.34910762310028076
0.010247739963233471
-0.10805587470531464
0.3669271767139435
0.12388570606708527
1.0711143016815186
1.0877636671066284
0.966198205947876
0.7128064632415771
0.8138869404792786
1.1157715320587158
1.2358851432800293
0.9929215908050537
0.8059291243553162
0.9060223698616028
1.054882287979126
1.5195759534835815
1.1639270782470703
0.9305979609489441
0.8877146244049072
1.2675466537475586
0.16663004457950592
0.10533428937196732
-0.15413782000541687
-0.24544256925582886
-0.15325768291950226
0.22969381511211395
-0.4625457227230072
-0.3513730764389038
-0.040842413902282715
-0.10312529653310776
-0.1407439410686493
-0.07780131697654724
0.24567493796348572
-0.06427615880966187
0.029896065592765808
0.05484544858336449
0.057443734258413315
-0.003076005494222045
0.17292211949825287
0.027743972837924957
0.23227998614311218
0.23891973495483398
-0.006771841552108526
0.12793326377868652
0.2202327698469162
0.03943033516407013
0.315501868724823
0.15356773138046265
0.19557316601276398
-0.08734173327684402
0.1076967790722847
0.1338443011045456
