0.17339985072612762
-0.03458547964692116
0.1840241402387619
0.028445174917578697
0.13720276951789856
0.1701248437166214
0.16289357841014862
-0.010024153627455235
-0.02121340110898018
-0.0212594922631979
0.030547013506293297
0.026998894289135933
-0.043993785977363586
0.03677976876497269
0.016532061621546745
0.005012050271034241
0.022695817053318024
-0.028271596878767014
-0.022590123116970062
-0.014273191802203655
-0.04936808720231056
-0.03260721266269684
0.16407527029514313
-0.01160468254238367
0.0065545071847736835
0.1577032208442688
0.17795634269714355
0.002788388868793845
0.036628998816013336
0.15854324400424957
0.02439703606069088
-0.020208172500133514
