-0.4666427969932556
0.21213053166866302
0.4347439706325531
-0.2540868818759918
-0.1512191891670227
0.21657238900661469
-0.26657870411872864
-0.23964300751686096
-0.10725134611129761
-0.5430285334587097
-0.45586416125297546
-0.17203225195407867
0.2217213660478592
-0.2829909920692444
0.27258527278900146
0.49333035945892334
-0.42723238468170166
-0.27738428115844727
0.28363561630249023
-0.2831408381462097
0.09072768688201904
-0.4126579463481903
-0.3083072602748871
0.360566645860672
0.26627448201179504
0.4833301305770874
0.4833717942237854
0.28714361786842346
0.14028224349021912
0.3778790831565857
0.3987768888473511
0.21507710218429565
