-0.047849804162979126
-0.5424443483352661
0.17399999499320984
0.4755967855453491
0.38610509037971497
-0.20994418859481812
-0.026032162830233574
-0.167561873793602
0.0027222242206335068
-0.3556663691997528
0.5106200575828552
0.3408600986003876
0.16028574109077454
-0.4094878137111664
0.2767109274864197
0.08389583975076675
-0.4289620518684387
-0.013542987406253815
0.11628428846597672
-0.23866082727909088
0.3165283203125
0.014391230419278145
0.1190890446305275
-0.1942020058631897
0.10968144983053207
0.41835513710975647
-0.04615626856684685
0.2234700471162796
-0.286017507314682
0.4764745235443115
0.407978892326355
-0.36505094170570374
