0.022655636072158813
0.030240971595048904
0.02785695716738701
0.021729661151766777
0.02829691395163536
0.030674029141664505
0.030904090031981468
0.0291735902428627
0.032087258994579315
0.027998419478535652
0.028134170919656754
0.02868780866265297
0.029403675347566605
0.02432946115732193
0.021343188360333443
0.015803169459104538
0.029368460178375244
0.02446126565337181
0.028026724234223366
0.029251746833324432
0.02327686920762062
0.026722010225057602
0.02871706150472164
0.012959846295416355
0.02207759954035282
-0.007212436757981777
0.03194474056363106
-0.002156122587621212
0.016418512910604477
-0.0006665547261945903
-0.006647245027124882
0.019568845629692078
-0.017924288287758827
0.010011752136051655
-0.0011067688465118408
-0.01415723841637373
-0.015052799135446548
-0.006458984222263098
-0.026203319430351257
-0.0150986947119236
-0.007383009418845177
-0.025004390627145767
-0.01548426877707243
-0.020624175667762756
-0.013661091215908527
-0.008556202054023743
-0.02372562699019909
-0.019578417763113976
-0.017497388646006584
0.0031153347808867693
-0.0005832040915265679
-0.009727387689054012
0.005149093456566334
0.01598486676812172
0.0214082021266222
0.0270172618329525
0.0204097181558609
0.025488106533885002
0.014163495972752571
0.022054411470890045
0.02518249861896038
0.022455545142292976
0.026937806978821754
0.028662698343396187
0.028128083795309067
0.021377932280302048
0.03111656941473484
0.0274808332324028
0.02721727453172207
0.026825014501810074
0.01704450137913227
0.02953156642615795
0.028398234397172928
0.029717164114117622
0.028390243649482727
0.026670698076486588
0.02619272656738758
0.030622651800513268
0.02466435916721821
0.026682578027248383
0.026849355548620224
0.028481362387537956
0.029114024713635445
0.025252072140574455
0.021523458883166313
0.02374112233519554
0.02562882751226425
0.02149890549480915
0.005845101084560156
0.024481765925884247
0.010998105630278587
-0.012182634323835373
-0.0017052387120202184
-0.009940574876964092
-0.018388690426945686
-0.019437294453382492
-0.005914472509175539
-0.01819993369281292
-0.006659636739641428
-0.018800197169184685
-0.004696120508015156
-0.015708738937973976
-0.016026148572564125
-0.012315822765231133
-0.025546664372086525
-0.010012337006628513
-0.02593042515218258
-0.010775639675557613
-0.0024882706347852945
-0.01961713656783104
-0.002140023745596409
0.000885495450347662
-0.013845188543200493
0.001554969814606011
-0.01651466265320778
-0.018366985023021698
0.02628657966852188
0.027209892868995667
0.031932905316352844
0.011330824345350266
0.021458406001329422
0.026956602931022644
0.027157295495271683
0.02706456184387207
0.02210942655801773
0.026103505864739418
0.029922889545559883
0.03258242458105087
0.029951348900794983
0.022295666858553886
0.03074721433222294
0.03959186002612114
0.037808649241924286
0.050336290150880814
0.11168021708726883
0.08133057504892349
0.08197741955518723
0.08270955830812454
0.0774257630109787
0.036125097423791885
0.02580266073346138
0.020614393055438995
0.015573539771139622
0.06097353249788284
0.03215983137488365
0.026643116027116776
0.00862730573862791
0.017233815044164658
0.0180304367095232
0.017738811671733856
0.007508136797696352
-0.007801428437232971
0.002815159037709236
-0.01615259051322937
-0.0038260463625192642
-0.009784516878426075
0.010025648400187492
-0.004584111273288727
-0.009557941928505898
0.003696838393807411
-0.02027316950261593
-0.0027177217416465282
-0.0023987190797924995
-0.01581500470638275
-0.015301693230867386
-0.008948851376771927
-0.02857374958693981
-0.016142310574650764
-0.009279810823500156
-0.025681303814053535
-0.018533600494265556
-0.020676584914326668
-0.01295030489563942
-0.009501121006906033
-0.026488803327083588
-0.019759388640522957
-0.01965338923037052
-0.0019111153669655323
-0.005685855634510517
-0.014674775302410126
-0.0038948107976466417
0.0053094131872057915
-0.004230699501931667
0.005616408307105303
0.005514033138751984
0.007929719984531403
-0.005493963602930307
0.013807186856865883
0.015924489125609398
0.003372135106474161
0.01573101431131363
0.019100187346339226
0.025257127359509468
0.0278127733618021
0.030282532796263695
0.07032166421413422
0.04007754102349281
0.09166131913661957
0.0631934106349945
0.08459816873073578
0.10867571085691452
0.07380824536085129
0.07374868541955948
0.03625831753015518
0.029709532856941223
0.02797001041471958
0.03502516821026802
0.022320866584777832
0.016358021646738052
0.022716330364346504
0.017351988703012466
0.0018508437788113952
0.010945760644972324
0.002262100111693144
0.0023405516985803843
0.01284637488424778
-0.0014891820028424263
0.0030452522914856672
0.007360534742474556
-0.01826377958059311
-0.009115043096244335
-0.013305840082466602
-0.02140239253640175
-0.019088558852672577
-0.005603089928627014
-0.01912275329232216
-0.0074780951254069805
-0.020082924515008926
-0.005831961520016193
-0.018157361075282097
-0.01772301457822323
-0.01242457889020443
-0.026000289246439934
-0.012347307987511158
-0.02724953554570675
-0.011940228752791882
-0.005040744785219431
-0.020918115973472595
-0.006564890034496784
-0.01029263436794281
-0.014502338133752346
-0.00647249910980463
-0.019219718873500824
-0.021740958094596863
-0.007048283237963915
0.008062805980443954
0.008379468694329262
-0.0003338201786391437
0.008600765839219093
-0.005286369472742081
0.014120178297162056
0.013035483658313751
0.015623261220753193
0.016990166157484055
0.015890905633568764
0.023159993812441826
1.0244853496551514
1.0312620401382446
1.0274314880371094
1.0233986377716064
1.0298157930374146
1.0318429470062256
1.0322246551513672
1.0304992198944092
1.0336511135101318
1.0289103984832764
1.0294017791748047
1.030131459236145
1.030638337135315
1.0265324115753174
1.0230404138565063
1.0075056552886963
1.0309884548187256
1.0256460905075073
1.0299584865570068
1.0302135944366455
1.025522232055664
1.0282868146896362
1.030449390411377
1.0164470672607422
1.0231553316116333
0.9863359928131104
1.0226484537124634
0.9938418865203857
1.016018033027649
0.9969601631164551
0.9904838800430298
1.014971375465393
0.979921817779541
1.0083308219909668
0.9977739453315735
0.9872539639472961
0.983211874961853
0.9911936521530151
0.972468912601471
0.9827738404273987
0.9904133081436157
0.9728500843048096
0.9816617369651794
0.976274311542511
0.9840914011001587
0.98945552110672
0.9730531573295593
0.9770368337631226
0.9789229035377502
0.9988890290260315
0.9947564005851746
0.9864087700843811
1.0022013187408447
1.0104920864105225
1.0108431577682495
1.0280519723892212
1.021348476409912
1.0261423587799072
1.0140453577041626
1.0237033367156982
1.0268967151641846
1.0239790678024292
1.0275686979293823
1.0297614336013794
1.0293766260147095
1.0214678049087524
1.0333048105239868
1.0217092037200928
1.0275408029556274
1.0293091535568237
1.0180292129516602
1.0311940908432007
1.0303597450256348
1.0307583808898926
1.0295419692993164
1.0274442434310913
1.0266780853271484
1.0322974920272827
1.0256609916687012
1.0280485153198242
1.0276436805725098
1.0299545526504517
1.0308144092559814
1.0267224311828613
1.0234867334365845
1.0248156785964966
1.0269885063171387
1.0233179330825806
1.0032191276550293
1.0216526985168457
1.0126824378967285
0.9800556898117065
0.9908608198165894
0.9813851118087769
0.9782193303108215
0.9782049059867859
0.9917355179786682
0.9762533903121948
0.9918553829193115
0.9794750213623047
0.9935755133628845
0.9829134941101074
0.9854128956794739
0.9847610592842102
0.9730361700057983
0.9892743229866028
0.9715712070465088
0.9883838295936584
0.9943671226501465
0.978279173374176
0.996089518070221
0.9951021075248718
0.9836646318435669
0.9985137581825256
0.9771575927734375
0.9776569604873657
1.0046523809432983
1.0144681930541992
1.0221246480941772
1.0023603439331055
1.0235048532485962
1.027388334274292
1.0289250612258911
1.0280717611312866
1.023038387298584
1.0277010202407837
1.031746745109558
1.0333741903305054
-0.020899346098303795
0.027581509202718735
-0.030875662341713905
-0.017957722768187523
0.02297983132302761
0.026289131492376328
-0.029454883188009262
0.02669859677553177
0.026467731222510338
0.02655177190899849
0.02361088991165161
0.0260256826877594
0.026386944577097893
0.02418711967766285
0.02067776769399643
-0.026259446516633034
-0.02960793673992157
-0.02495550736784935
0.02610301971435547
-0.027745435014367104
-0.021091630682349205
-0.02868165820837021
-0.025443866848945618
-0.005262481980025768
-0.021638985723257065
-0.016703540459275246
-0.01605379208922386
-0.012644163332879543
-0.015960827469825745
-0.005878417752683163
0.012443571351468563
-0.02728499099612236
-0.008802424184978008
-0.01497475616633892
0.0022637411020696163
-0.0035801739431917667
-0.02209259383380413
-0.006101442035287619
-0.003618042916059494
0.004038955084979534
-0.017794260755181313
-0.015586220659315586
-0.0012875002576038241
-0.013934839516878128
-0.005149024073034525
0.010621189139783382
-0.0038919474463909864
-0.008264432661235332
-0.004326461814343929
-0.006823810748755932
-0.01573040522634983
-0.0029837205074727535
-0.011811383999884129
-0.028565216809511185
0.032693471759557724
-0.02514697052538395
0.015799909830093384
0.025475045666098595
0.015641072764992714
-0.023413406684994698
0.02591489627957344
0.016492266207933426
0.025514258071780205
0.026715289801359177
0.02669966220855713
-0.018483074381947517
0.026932615786790848
-0.029121551662683487
0.025418365374207497
-0.02208222635090351
0.020873794332146645
0.027593770995736122
-0.028125982731580734
0.026454634964466095
0.021076202392578125
0.022449878975749016
0.02702181413769722
0.027203919366002083
-0.028490232303738594
0.022374169901013374
0.02506190724670887
0.024257348850369453
-0.028480682522058487
0.02175407111644745
0.022853955626487732
0.0234485175460577
0.0274214968085289
-0.02322632446885109
-0.003693352220579982
-0.02300894260406494
-0.023659152910113335
-0.0023520239628851414
-0.00980528723448515
-0.011653399094939232
-0.015281680971384048
-0.0025080894120037556
0.010034522973001003
-0.017401158809661865
0.005363526288419962
-0.018008535727858543
-0.007521213963627815
-0.0016108559211716056
0.006041591987013817
0.00277129327878356
-0.0036998328287154436
-0.01098810788244009
-0.014802723191678524
0.0004247866745572537
-0.006374896503984928
-0.02185734547674656
-0.001337488298304379
-0.0036729106213897467
0.006976443342864513
-0.01664127968251705
-0.0015359396347776055
0.0007148405420593917
0.025807037949562073
0.032296665012836456
0.029289361089468002
0.024035219103097916
-0.021429024636745453
0.027870897203683853
0.019398102536797523
0.019139593467116356
-0.02563961036503315
0.02379545196890831
0.025578871369361877
0.02934892103075981
0.0
0.0
0.0
0.0
0.0
0.0
0.0
0.0
0.0
0.0
0.0
0.0
0.0
0.0
0.0
0.0
0.0
0.0
0.0
0.0
0.0
0.0
0.0
0.0
0.0
0.0
0.0
0.0
0.0
0.0
0.0
0.0
0.0
0.0
0.0
0.0
0.0
0.0
0.0
0.0
0.0
0.0
0.0
0.0
0.0
0.0
0.0
0.0
0.0
0.0
0.0
0.0
0.0
0.0
0.0
0.0
0.0
0.0
0.0
0.0
0.0
0.0
0.0
0.0
0.0
0.0
0.0
0.0
0.0
0.0
0.0
0.0
0.0
0.0
0.0
0.0
0.0
0.0
0.0
0.0
0.0
0.0
0.0
0.0
0.0
0.0
0.0
0.0
0.0
0.0
0.0
0.0
0.0
0.0
0.0
0.0
0.0
0.0
0.0
0.0
0.0
0.0
0.0
0.0
0.0
0.0
0.0
0.0
0.0
0.0
0.0
0.0
0.0
0.0
0.0
0.0
0.0
0.0
0.0
0.0
0.0
0.0
0.0
0.0
0.0
0.0
0.0
0.0
0.0
0.0
0.0
0.0
0.0
0.0
0.0
0.0
0.0
0.0
0.0
0.0
0.0
0.0
0.0
0.0
0.0
0.0
0.0
0.0
0.0
0.0
0.0
0.0
0.0
0.0
0.0
0.0
0.0
0.0
0.0
0.0
0.0
0.0
0.0
0.0
0.0
0.0
0.0
0.0
0.0
0.0
0.0
0.0
0.0
0.0
0.0
0.0
0.0
0.0
0.0
0.0
0.0
0.0
0.0
0.0
0.0
0.0
0.0
0.0
0.0
0.0
0.0
0.0
0.0
0.0
0.0
0.0
0.0
0.0
0.0
0.0
0.0
0.0
0.0
0.0
0.0
0.0
0.0
0.0
0.0
0.0
0.0
0.0
0.0
0.0
0.0
0.0
0.0
0.0
0.0
0.0
0.0
0.0
0.0
0.0
0.0
0.0
0.0
0.0
0.0
0.0
0.0
0.0
0.0
0.0
0.0
0.0
0.0
0.0
0.0
0.0
0.0
0.0
0.0
0.0
0.0
0.0
0.0
0.0
0.0
0.0
0.0
0.0
0.0
0.0
0.0
0.0
0.0
0.0
0.0
0.0
0.0
0.0
0.0
0.0
0.0
0.0
0.0
0.0
0.0
0.0
0.0
0.0
0.0
0.0
0.0
0.0
0.0
0.0
0.0
0.0
0.0
0.0
0.0
0.0
0.0
0.0
0.0
0.0
0.0
0.0
0.0
0.0
0.0
0.0
0.0
0.0
0.0
0.0
0.0
0.0
0.0
0.0
0.0
0.0
0.0
0.0
0.0
0.0
0.0
0.0
0.0
0.0
0.0
0.0
0.0
0.0
0.0
0.0
0.0
0.0
0.0
0.0
0.0
0.0
0.0
0.0
0.0
0.0
0.0
0.0
0.0
0.0
0.0
0.0
0.0
0.0
0.0
0.0
0.0
0.0
0.0
0.0
0.0
0.0
0.0
0.0
0.0
0.0
0.0
0.0
0.0
0.0
0.0
0.0
0.0
0.0
0.0
0.0
0.0
0.0
0.0
0.0
0.0
0.0
0.0
0.0
0.0
0.0
0.0
0.0
0.0
0.0
0.0
0.0
0.0
0.0
0.0
0.0
0.0
0.0
0.0
0.0
0.0
0.0
0.0
0.0
0.0
0.0
0.0
0.0
0.0
0.0
0.0
0.0
0.0
0.0
0.0
0.0
0.0
0.0
0.0
0.0
0.0
0.0
0.0
0.0
0.0
0.0
0.0
0.0
0.0
0.0
0.0
0.0
0.0
0.0
0.0
0.0
0.0
0.0
0.0
0.0
0.0
0.0
0.0
0.0
0.0
0.0
0.0
0.0
0.0
0.0
0.0
0.0
0.0
0.0
0.0
0.0
0.0
0.0
0.0
0.0
0.0
0.0
0.0
0.0
0.0
0.0
0.0
0.0
0.0
0.0
0.0
0.0
0.0
0.0
0.0
0.0
0.0
0.0
0.0
0.0
0.0
0.0
0.0
0.0
0.0
0.0
0.0
0.0
0.0
0.0
0.0
0.0
0.0
0.0
0.0
0.0
0.0
0.0
0.0
0.0
0.0
0.0
0.0
0.0
0.0
0.0
0.0
0.0
0.0
0.0
0.0
0.0
0.0
0.0
0.0
0.0
0.0
0.0
0.0
0.0
0.0
0.0
0.0
0.0
0.0
0.0
0.0
0.0
0.0
0.0
